5.09293031728478,16.9595017812457,33.2051477735029,0,1128.08,1460.49611015491,90.0069331745188,35.4924561583894
5.08550348226437,13.7594490363673,31.1873221819432,0.0498821645592107,1128.10049882165,1463.69610586212,90.0069331745188,34.0752110417787
5.08649772950442,13.7594489160569,31.1865278448265,0.0994210432025054,1128.10149303208,1463.69609730609,90.0069331745188,34.1478169035246
5.08798880375205,13.7594487356268,31.1853365976158,0.149101904663152,1128.10298405112,1463.6960844746,90.0069331745188,34.216355269262
5.08997255536684,13.7594484955796,31.1837517811869,0.198367817427113,1128.1049677293,1463.69606740336,90.0069331745188,34.2808204504344
5.0924520071138,13.7594481955491,31.1817710148,0.247935995534611,1128.10744708925,1463.69604606636,90.0069331745188,34.341212749694
5.0954289703944,13.7594478353165,31.17939289426,0.297685307064252,1128.11042394232,1463.696020448,90.0069331745188,34.3975285899589
5.09889406570117,13.7594474160168,31.1766249633515,0.346496702560233,1128.11388890935,1463.69599062901,90.0069331745188,34.4497511412866
5.10284095192962,13.759446938417,31.1734723458937,0.394674011079678,1128.11783564946,1463.69595666395,90.0069331745188,34.4978657783905
5.10728630533295,13.7594464004993,31.1699217890881,0.444518883210522,1128.12228083829,1463.69591840931,90.0069331745188,34.5418771943374
5.11223039618229,13.7594458022311,31.1659731543804,0.494390781422848,1128.12722474611,1463.69587586277,90.0069331745188,34.5817714263716
5.11766742469012,13.7594451443142,31.1616311593418,0.543682722388222,1128.13266157333,1463.69582907424,90.0069331745188,34.6175274869685
5.12359667646873,13.7594444268348,31.1568964680133,0.592903227201824,1128.1385906056,1463.69577804987,90.0069331745188,34.6491271310452
5.13001085158519,13.7594436506765,31.1517750108268,0.641393765735316,1128.14500454326,1463.69572285247,90.0069331745188,34.6765453477224
5.1369013562779,13.7594428168791,31.1462737573407,0.689024959963858,1128.15189479286,1463.695663556,90.0069331745188,34.6997553000112
5.14427878407439,13.7594419241608,31.1403843661214,0.737715467700985,1128.15927194754,1463.6956000693,90.0069331745188,34.7187418430943
5.15212789568079,13.7594409743654,31.1341191265034,0.784882102461563,1128.16712076856,1463.69553252351,90.0069331745188,34.7334703091757
5.16044033970845,13.7594399685037,31.1274848333282,0.831213629291082,1128.17543290485,1463.69546099049,90.0069331745188,34.7439102274345
5.16923032641082,13.7594389048563,31.1204702825628,0.878966128857999,1128.18422256614,1463.69538534797,90.0069331745188,34.7500422203942
5.17848021072624,13.759437785558,31.1130896999885,0.924954187587915,1128.19347210802,1463.69530574778,90.0069331745188,34.7518268828548
5.18821971700309,13.7594366070125,31.1053195229407,0.973914571082893,1128.20321125373,1463.69522193413,90.0069331745188,34.7492466570363
5.19845141140904,13.7594353689087,31.0971578725854,1.02313156187945,1128.21344256935,1463.69513388495,90.0069331745188,34.7315407243353
5.20914140912189,13.7594340753471,31.0886319496405,1.06896019587099,1128.22413217131,1463.69504189181,90.0069331745188,34.6835273146035
5.22027722818443,13.7594327278379,31.0797518799348,1.1135406803888,1128.23526757811,1463.69494606215,90.0069331745188,34.5840513419809
5.23186597051527,13.7594313255224,31.0705121772962,1.15883133044456,1128.24685589142,1463.69484633484,90.0069331745188,34.4804624713501
5.24394670716405,13.759429863672,31.0608818845789,1.20802894081826,1128.25893618082,1463.69474237366,90.0069331745188,34.3939291993446
5.25647270308149,13.7594283479422,31.050898457773,1.25255321928001,1128.27146171302,1463.69463458078,90.0069331745188,34.3392358781759
5.2694606445679,13.759426776314,31.0405487996985,1.29874606603468,1128.28444917368,1463.69452281262,90.0069331745188,34.3249475316219
5.28293899303059,13.7594251453431,31.0298104506937,1.34778494811684,1128.29792702316,1463.69440682424,90.0069331745188,34.3535976595548
5.29688230591472,13.7594234581086,31.0187039105193,1.39427966892895,1128.31186981985,1463.6942868346,90.0069331745188,34.3817586088608
5.31126858006085,13.7594217172726,31.0072469318443,1.43857415523839,1128.3262555614,1463.69416303303,90.0069331745188,34.4094481696891
5.32612892018039,13.7594199190716,30.9954149796969,1.48597899754223,1128.34111535138,1463.69403515188,90.0069331745188,34.4366830275483
5.34146968335779,13.7594180627362,30.9832032467477,1.53401952473785,1128.35645554662,1463.69390313643,90.0069331745188,34.4634807905452
5.35728244244089,13.7594161492858,30.970618703599,1.58121736795479,1128.3722677203,1463.69376705921,90.0069331745188,34.4898587187319
5.37354715264197,13.7594141811465,30.9576775657178,1.62641080658952,1128.38853182837,1463.6936270927,90.0069331745188,34.5158329568456
5.39025287841878,13.7594121596414,30.9443887960883,1.67051073145213,1128.40523693568,1463.69348333102,90.0069331745188,34.5414189569922
5.40743849502654,13.7594100800664,30.9307217492253,1.7184980379669,1128.42242191606,1463.69333543962,90.0069331745188,34.5666346800031
5.42510430940197,13.7594079423839,30.9166764797342,1.76651603700182,1128.44008707643,1463.69318341587,90.0069331745188,34.5914967640066
5.44324749582802,13.7594057469364,30.9022555411308,1.81425147476761,1128.45822959118,1463.69302728407,90.0069331745188,34.6160213685549
5.46184866437352,13.7594034960701,30.8874746539512,1.86004799122739,1128.47683007109,1463.69286721109,90.0069331745188,34.6402226724474
5.48089347196362,13.7594011915203,30.8723455214794,1.90441025328767,1128.49587417363,1463.69270332036,90.0069331745188,34.6641143386617
5.50034201265506,13.759398838116,30.8569001402342,1.94478206876163,1128.51532199431,1463.6925359553,90.0069331745188,34.687706119097
5.5202074969757,13.7593964342588,30.8411283121874,1.98647488813501,1128.53518674319,1463.69236500221,90.0069331745188,34.7110128645998
5.540485515826,13.7593939804822,30.8250338412867,2.02772681383676,1128.55546401133,1463.69219049904,90.0069331745188,34.7340473413854
5.56116241791496,13.7593914784381,30.8086278663109,2.06761366101183,1128.57614014794,1463.69201256327,90.0069331745188,34.7568205659275
5.5822677426452,13.7593889245519,30.7918872662016,2.11045433906279,1128.59724469133,1463.69183094069,90.0069331745188,34.7793499064977
5.60379370691525,13.7593863197655,30.7748185468079,2.15251673581696,1128.61876985869,1463.69164569829,90.0069331745188,34.8016473288427
5.62578565326416,13.7593836585922,30.7573861092077,2.19911321857517,1128.64076099088,1463.69145644586,90.0069331745188,34.8237341058558
5.64825050333109,13.7593809401943,30.7395848509351,2.24640183964679,1128.66322500927,1463.69126312384,90.0069331745188,34.845625724411
5.67119756186804,13.7593781634457,30.7214077990059,2.29462090146231,1128.68617121829,1463.69106565217,90.0069331745188,34.8673382445164
5.69454756524924,13.7593753379385,30.7029181207192,2.33491389415121,1128.70952035723,1463.69086471293,90.0069331745188,34.8888689823523
5.71833400202336,13.7593724596196,30.6840896673835,2.37855561772416,1128.73330591341,1463.69066001796,90.0069331745188,34.9102371839564
5.7425079449033,13.7593695344099,30.6649615380751,2.41730479371962,1128.75747896134,1463.69045198828,90.0069331745188,34.9314440628827
5.76713214402238,13.7593665547164,30.6454844644278,2.46232875075045,1128.78210224885,1463.69024008392,90.0069331745188,34.9525158650904
5.79216575380088,13.7593635254813,30.6256911558353,2.50326830100276,1128.80713493186,1463.69002465635,90.0069331745188,34.9734550153722
5.8175506632837,13.7616978301449,30.607060646075,2.54866259093071,1128.83249850437,1463.68746891826,89.9801492563566,34.9951443337933
5.84338108115088,13.7643757044495,30.5882989583964,2.5947209545147,1128.85830457013,1463.68456573586,89.9494264245134,35.0168943578931
5.86967907252616,13.7671020527314,30.5692084869811,2.64168971768599,1128.88457776858,1463.68161000103,89.9181460016714,35.0386131257882
5.89645386928084,13.7698778320706,30.5497831400906,2.68958584215693,1128.9113273229,1463.67860067617,89.8862969467675,35.0603159144781
5.92363053644278,13.7726952738578,30.5300778641462,2.72995458770305,1128.93847836875,1463.67554618352,89.8539683421858,35.0819900887582
5.95121087382003,13.7755545646814,30.510091898367,2.77050412786704,1128.96603270425,1463.67244632077,89.8211579998457,35.1036464883834
5.97919593925503,13.7784558142093,30.4898250321466,2.81115993055272,1128.99399138624,1463.66930096905,89.787864614859,35.1252955771842
6.00761245323558,13.7814017925906,30.4692584991637,2.85449986363131,1129.02238111003,1463.66610712512,89.7540563504323,35.1469568050957
6.0364431019002,13.7843907048738,30.4484054321703,2.89610058216862,1129.05118457806,1463.66286673497,89.7197537579062,35.1686342416548
6.06563860495289,13.7874174421043,30.4273020416304,2.93275098908649,1129.08035255651,1463.65958533739,89.6850154298083,35.190319391805
6.09518873410732,13.7904809439017,30.4059562546729,2.96837394268338,1129.10987482673,1463.65626408199,89.6498535014191,35.2120169073098
6.12520368815505,13.7935926347235,30.3842890825509,3.0150666016016,1129.13986148362,1463.65289058309,89.6141368043368,35.2337773404882
6.15563382490382,13.7967473680965,30.3623370298156,3.05677259565033,1129.17026293178,1463.64947042017,89.5779243651807,35.2555915141899
6.18651348483844,13.7999487041453,30.3400759934163,3.10192816518373,1129.20111347934,1463.64599973357,89.541175275038,35.2774821148154
6.21784834055022,13.8031972309553,30.3175025960133,3.1476535587097,1129.23241879354,1463.64247788573,89.5038827381878,35.2994608996368
6.24967939705225,13.8064971995712,30.2945880589303,3.19749799381999,1129.26421984072,1463.63890026792,89.4659979062055,35.3215540214561
6.28194817671214,13.8098425475379,30.271375240569,3.24146822521355,1129.29645819838,1463.63527345268,89.427590334272,35.3437468950155
6.31465067072942,13.8132328592579,30.2478677507397,3.28503576394779,1129.32912986151,1463.63159789058,89.388664756782,35.3660462730618
6.34771169727152,13.816660340529,30.2241203069043,3.32105112614995,1129.36215971915,1463.6278820316,89.3493106334537,35.3884281023975
6.38115275675159,13.820127220328,30.2001181072067,3.3592262510306,1129.39556925145,1463.62412345921,89.3095023487688,35.4109083519991
6.41496170602915,13.823632239759,30.1758705263952,3.39618157133098,1129.42934632671,1463.62032353824,89.2692543364933,35.433488507008
6.44915022756602,13.827176609959,30.1513698545579,3.43431042006642,1129.46350261638,1463.61648095566,89.2285526697398,35.4561801748292
6.4837450450613,13.8307631014096,30.1265976520265,3.47512372173794,1129.49806481897,1463.61259270787,89.1873655133569,35.4790017430774
6.51881429901576,13.8343987783285,30.1015059301891,3.52278188307841,1129.53310101073,1463.60865113629,89.145611716578,35.5019906570658
6.55434495316783,13.8380822892291,30.0761048826276,3.56913052395253,1129.56859816769,1463.60465770613,89.103306773237,35.5251481698709
6.59020548699004,13.8417999992005,30.0504892863864,3.60226764533538,1129.60442489333,1463.6006271995,89.0606072658049,35.5484202547818
6.6265085431126,13.8455635860567,30.0245794268845,3.64671996088469,1129.64069372407,1463.59654695604,89.0173790596491,35.5718641886315
6.66318587367839,13.8493659744497,29.9984248120668,3.68431663260879,1129.6773364764,1463.59242464641,88.973703410883,35.5954538344393
6.70033920385699,13.8532177103654,29.9719537442883,3.73213181605756,1129.71445477958,1463.5882488373,88.9294591740931,35.6192421934175
6.7379007731747,13.8571117689841,29.9452153892174,3.77314031444384,1129.75198093703,1463.58402714458,88.884727032351,35.6432026206935
6.77594111468368,13.8610554625624,29.9181604426224,3.82123400936328,1129.78998541529,1463.57975164078,88.8394229808154,35.6673735804176
6.81429173359726,13.8650313230183,29.8909095651705,3.85240204109778,1129.82829987845,1463.57544126367,88.7937476907268,35.6916787123091
6.85302054347045,13.8690463910417,29.8634152378505,3.89039213528035,1129.86699217601,1463.5710883802,88.7476202900434,35.7161541668899
6.8921670273769,13.8731047598962,29.8356502856677,3.93234838901452,1129.90610175384,1463.56668855269,88.7009937613925,35.7408227160943
6.93169145930093,13.8772023111321,29.8076437516336,3.97031407917236,1129.94558892337,1463.56224624612,88.6539154331586,35.7656683987612
6.97153478123283,13.8813329221259,29.7794382628035,4.00234726537966,1129.98539468227,1463.55776809825,88.6064556713237,35.7906650827416
7.01179885770879,13.8855071533113,29.7509625423483,4.04461296304191,1130.02562079903,1463.55324266011,88.5584931603946,35.8158653794107
7.05252112177682,13.8897288854233,29.7221911075091,4.09063889078334,1130.06630467143,1463.54866572446,88.5099833270227,35.8412904041063
7.09360074124142,13.8939876650518,29.6931961379839,4.12653600790744,1130.10734556231,1463.54404862424,88.4610463103147,35.8668924288653
7.13507617123186,13.8982874788921,29.6639513775596,4.16629602538052,1130.14878189057,1463.53938703731,88.4116363309964,35.8926921893391
7.17690355546451,13.902623780304,29.6344886423958,4.20165058495009,1130.19056984125,1463.53468589286,88.3618056704792,35.9186692186905
7.21918961560939,13.9070076332672,29.6047337332053,4.2477255654994,1130.23281603543,1463.52993319601,88.3114272227672,35.9448777440278
7.26179720610182,13.9114248197158,29.5747841075501,4.28002397949586,1130.27538345682,1463.52514436111,88.260664420491,35.9712500358751
7.30478592966531,13.9158815187445,29.5445987505246,4.31830961512227,1130.31833165196,1463.52031268915,88.2094463014498,35.9978161277522
7.34819497306978,13.9203817928989,29.5141511510516,4.36053164591696,1130.36169977068,1463.5154337758,88.1577262256728,36.0245955419187
7.39210076752871,13.9249335659059,29.4833888516827,4.41043135627691,1130.40556417213,1463.51049903064,88.1054131768719,36.0516259285143
7.43649252030508,13.9295357188678,29.4523206609962,4.4592469130426,1130.44991407375,1463.5055096667,88.0525200654138,36.0789008065701
7.48135843205847,13.9341870285315,29.4209560772052,4.50687720070001,1130.49473768733,1463.50046701018,87.9990610075806,36.1064126424407
7.52654008817041,13.938871071839,29.3894068991593,4.53859439968522,1130.5398767476,1463.4953888659,87.9452248269445,36.1340807650479
7.57218949516089,13.9436036075121,29.3575680477712,4.58558098007855,1130.58548311776,1463.49025814925,87.8908304732131,36.1619782291552
7.61812181524854,13.9483654731677,29.3255694775359,4.61400020834947,1130.63137213429,1463.48509563489,87.8360982714899,36.1900109771522
7.66434985568725,13.9531579965518,29.2934031039651,4.64370595278346,1130.67755659238,1463.47989988336,87.7810130477209,36.2181827513467
7.71095004766343,13.9579891013881,29.2610167039033,4.68108937404215,1130.72411285116,1463.47466230424,87.7254838157346,36.2465278457654
7.75795465601845,13.9628621326168,29.22838896252,4.72171386791634,1130.77107314504,1463.46937927118,87.6694722202462,36.2750580047139
7.80536645705434,13.9677773780605,29.1955191214219,4.76261724731803,1130.81844024772,1463.46405047213,87.6129750495213,36.3037699319932
7.85304816064739,13.9727206046669,29.1625033719219,4.78972953886271,1130.8660769985,1463.45869133767,87.5561560051764,36.3325929035454
7.9010522232279,13.9776972506647,29.1293063044486,4.82211119155276,1130.91403580435,1463.45329597201,87.498952686697,36.3615475711989
7.94933058032766,13.9827023331459,29.09596208625,4.84966466514808,1130.96226864613,1463.44786977731,87.441422481728,36.3906062217846
7.99798098723591,13.9877459865332,29.0624042069327,4.88703786752864,1131.01087318696,1463.44240176647,87.3834490184676,36.4198094233828
8.0470165148527,13.9928295659046,29.0286248179043,4.92572406986323,1131.05986248542,1463.43689047039,87.3250168434135,36.4491565900774
8.09649794622262,13.9979593727201,28.9945833311561,4.97051605958817,1131.10929726724,1463.43132905744,87.2660536543582,36.4786681012077
8.14628944711349,14.0031213248615,28.9603743935874,5.00166320896801,1131.15904182627,1463.42573279454,87.2067214481491,36.5082738874163
8.19639253274907,14.0083155794145,28.9259979906065,5.03296256581065,1131.20909767629,1463.42010151142,87.1470185564715,36.5379673485296
8.24451283761008,14.0244740819443,28.9003777789752,5.07409024183848,1131.25707514113,1463.40352370061,86.9602814277528,36.5714703354134
8.29288839260075,14.0409330866729,28.8748303397135,5.10562624272401,1131.30530522404,1463.38664317159,86.7699295790229,36.604996058752
8.34167733835039,14.0575327409603,28.8491333438095,5.14925610306649,1131.35394745458,1463.3696183909,86.577815828673,36.6385188348595
8.3909100472765,14.0742833785327,28.8232728014961,5.19609151238086,1131.40303211384,1463.35243876016,86.3838212385618,36.6720327592265
8.44046779290042,14.0911446046153,28.7973129181057,5.23039635692816,1131.45244083237,1463.33514570867,86.1884148487474,36.7054571969528
8.49030282142114,14.1081001717448,28.7712802093963,5.25966119606723,1131.50212599997,1463.31775590001,85.9917870097654,36.7387504900199
8.54052829120856,14.1251885802373,28.7451172244967,5.30086893368256,1131.55220043472,1463.30022984785,85.7934932291582,36.7719461372071
8.59119538916645,14.1424272456136,28.7187993432605,5.34747901138593,1131.6027151696,1463.28254969064,85.5933329847832,36.8050428705868
8.64226326363876,14.1598022687546,28.6923498772319,5.38977754603815,1131.65362947581,1463.26472968347,85.3914694150791,36.8379962215794
8.69360071042306,14.1772690095401,28.6658385077282,5.41822859885846,1131.70481254369,1463.24681560971,85.1884237215937,36.8707265083302
8.74540744183654,14.1948954168749,28.6391640045289,5.46775757933477,1131.75646348499,1463.22873778025,84.9834085712174,36.9032907134796
8.79760678731077,14.2126554048308,28.6123680538725,5.50919463678123,1131.80850585971,1463.2105229491,84.7767297473596,36.9356283426858
8.85010720753209,14.2305178286281,28.5854994899524,5.54097050232207,1131.8608484038,1463.19220305867,84.5687528298727,36.9676778794562
8.90299409109144,14.2485117403621,28.5585164625087,5.58175840355665,1131.91357624908,1463.17374831282,84.3591429338143,36.9994426995851
8.95612568261192,14.2665889100452,28.5314930298907,5.60758523673843,1131.96654806645,1463.15520817674,84.1484656287473,37.0308472017563
9.00964856230641,14.2847992092376,28.5043564042147,5.64888235818338,1132.01990999533,1463.13653150163,83.9361436382225,37.061910917285
9.06355130807459,14.3031387517538,28.4771144868837,5.68897397461091,1132.07365064798,1463.11772227321,83.7222260871071,37.0925972746276
9.11778130894109,14.3215896375548,28.4497958443163,5.72351295237289,1132.12771757163,1463.09879884993,83.506925980195,37.122859017521
9.17235586664058,14.340157753278,28.4223936723764,5.75987798030814,1132.18212801597,1463.07975519441,83.2901791576038,37.1526683739509
9.22729848511854,14.3588510957629,28.3948982032737,5.79872364872694,1132.23690541429,1463.060583105,83.0718969505374,37.181996203942
9.28255202121068,14.3776502229663,28.3673400042631,5.83153834472736,1132.29199279524,1463.04130252166,82.8523113685754,37.2107951307185
9.33821053889247,14.3965871386439,28.339674245872,5.87428068912099,1132.34748393995,1463.02188062102,82.631053755233,37.2390461734761
9.39422679682441,14.4156457696893,28.3119266379871,5.9120371140188,1132.40333174914,1463.0023338878,82.4083172535297,37.2667007905235
9.45049175366058,14.4347890165379,28.2841530416542,5.93828515711915,1132.45942750935,1462.98270037173,82.1845412715582,37.2937069374994
9.50722561806696,14.4540918016475,28.2562469145451,5.98777434224588,1132.51599076707,1462.96290323153,81.9588559344439,37.3200501028056
9.56429511683783,14.4735087809528,28.2282762193079,6.02319767990824,1132.57288864985,1462.94298897255,81.7317974986701,37.3456710900206
9.6217008619366,14.4930401626642,28.2002427390907,6.05868560507055,1132.63012176782,1462.92295738126,81.5033700440729,37.3705273684642
9.67956859605014,14.5127287287096,28.172087513758,6.10744459581305,1132.68781548553,1462.90276458006,81.2730799146429,37.3945748846496
9.73779282032219,14.5325385847991,28.1438643998804,6.14506908422312,1132.74586462139,1462.88244738251,81.0413539369417,37.4177601518679
9.79635095993027,14.5524620502124,28.1155865448208,6.18031099313497,1132.80424666846,1462.86201366604,80.8082892938328,37.4400353616388
9.85511672857057,14.5729033811816,28.0876283938069,6.21677713333605,1132.86283181748,1462.84106029185,80.5690289345877,37.4613458073543
9.91421060404632,14.5935078126524,28.0596593718291,6.25308075824845,1132.92174363754,1462.81994096013,80.3278439092195,37.4816335986524
9.9736077076508,14.614217971547,28.0316595099616,6.28516716253338,1132.98095775155,1462.79871325888,80.0854284224167,37.5008515689554
10.0333780703636,14.6350582757678,28.0035980683525,6.32466396872745,1133.04054397473,1462.77735216,79.8415055445028,37.5189351278283
10.0935781847691,14.6560484227472,27.9754511864113,6.37013859733682,1133.10055862564,1462.75583747383,79.595853989758,37.5358112559392
10.1541169722691,14.6771566558481,27.9472640379907,6.40597564800968,1133.16091090626,1462.73420175059,79.3488549920302,37.5514355234617
10.2150136550469,14.6983896773245,27.919030078957,6.44384671432175,1133.22161997956,1462.71243812053,79.1004399759372,37.5657413612652
10.2761723025644,14.7197140388001,27.8907959873894,6.47156678952136,1133.28259021055,1462.69058086792,78.8510103260807,37.5786962371771
10.3377325028788,14.7411784108436,27.8624996756771,6.51405752224358,1133.34396075724,1462.6685801059,78.600007160867,37.59019131383
10.3995634486478,14.7627371844835,27.8342036715001,6.54270673806871,1133.40560121527,1462.64648258321,78.3479745451997,37.6002066908696
10.4617023603251,14.7844033374819,27.8058930818035,6.57529447544342,1133.46754869043,1462.62427499777,78.0947716009537,37.6086640998304
10.5241561479184,14.8061792791715,27.7775670530979,6.60861340261157,1133.52981007145,1462.60195488005,77.840381369123,37.6154922054425
10.5869805352457,14.8280844389359,27.7492028220002,6.64782880431133,1133.59244091046,1462.57950231512,77.5845885145908,37.6205895046678
10.6501357937711,14.8501049645121,27.7208209095915,6.68284028909378,1133.65540160133,1462.55693150141,77.3325155563699,37.6238984535488
10.713548818672,14.8722153662318,27.6924564228536,6.71011611000843,1133.71861926445,1462.53426856557,77.1532269172393,37.6253871136994
10.777376759451,14.8944704378635,27.6640416109273,6.75402087120431,1133.78225056519,1462.51145734456,76.9727706505118,37.6248770243767
10.8414731002258,14.9168190932936,27.6356442979778,6.78242189986607,1133.84614943903,1462.4885502011,76.7915646778542,37.6850517725496
10.9059457586217,14.9392989604705,27.6072191719433,6.82224234582366,1133.91042347115,1462.46550856695,76.60930770263,37.74445789946
10.9707689324042,14.9619010428552,27.5787803985002,6.85933250114879,1133.97504693879,1462.44234166345,76.426076599455,37.8031228336067
11.0358341662265,14.9845875250097,27.5503779341707,6.88494633953063,1134.03991172074,1462.41908825106,76.242181925311,37.8611272787858
11.1012286631179,15.0073888122655,27.5219760396837,6.91978765848883,1134.10510475136,1462.39571716461,76.0573813047029,37.918420687945
11.1669919825789,15.030318697947,27.493560302834,6.95881500764493,1134.1706654683,1462.37221426608,75.8715672133819,37.9749844801201
11.2331727247804,15.0533941276156,27.4651128163606,7.00298503519128,1134.23664232198,1462.34856218646,75.6846067887672,38.0307938935826
11.2998138320862,15.0766300741089,27.4366185570899,7.05169905424675,1134.30307812249,1462.32474557873,75.4963833932155,38.0858273138361
11.3668638743085,15.1000086051152,27.4081029588743,7.0949709337144,1134.36992159807,1462.30078282333,75.3070471114408,38.140123205456
11.4362346912347,15.1149184218275,27.371944131824,7.13377618194184,1134.43915966252,1462.28526820745,75.2181719344644,38.1964913816032
11.5075435119993,15.1229041807303,27.3295118805194,7.16947713724778,1134.51039608006,1462.27666047366,75.2114558629796,38.2544889154423
11.5792031735919,15.1309292297271,27.2869944730468,7.20475110851087,1134.58198298219,1462.26801038965,75.2047069891263,38.311889650058
11.6512793174191,15.1390009198925,27.2443555390617,7.2466247480884,1134.65398594369,1462.2593100318,75.1979191348796,38.3686721684268
11.7238034659008,15.1471227813705,27.2015792946041,7.29166769080887,1134.72643645496,1462.25055559503,75.1910893361636,38.4248333004243
11.7967110418714,15.1552875822697,27.1587066410961,7.33021796530786,1134.79927000441,1462.24175487447,75.184223678826,38.4804181640242
11.8698830014501,15.1634819910593,27.1158099341487,7.35679942062682,1134.87236766903,1462.23292223999,75.1773333766648,38.5354967842276
11.9435361677714,15.1717302894095,27.0727647090809,7.40518054237448,1134.94594605179,1462.22403151874,75.1703980163915,38.589969180005
12.0175708876458,15.180021317322,27.0296322052005,7.44354240905934,1135.0199056007,1462.21509473992,75.1634269862753,38.6438941350782
12.0918851223115,15.1883436476414,26.9864743474903,7.47164517230096,1135.0941443806,1462.20612422068,75.1564298978391,38.697329022976
12.1666642394405,15.1967180393922,26.9431862241933,7.51838503080046,1135.16884757094,1462.19709758518,75.1493893018248,38.7501887884005
12.2419110731435,15.2051448099617,26.8997694994895,7.56540983428688,1135.24401800296,1462.18801449131,75.1423049365479,38.8024777338714
12.3176093961364,15.2136221420826,26.8562368467828,7.61080312654351,1135.31963946586,1462.17887689788,75.1351783348935,38.8542079224686
12.3935766657172,15.2221295930948,26.8126960208386,7.6378433495059,1135.39552960226,1462.16970683973,75.1280266863778,38.9054707101948
12.46983561396,15.2306697087259,26.7691363376771,7.66716908336359,1135.47171112118,1462.16050157286,75.1208478542172,38.9562564099962
12.5463622653627,15.2392398039988,26.7255738575568,7.69408429052539,1135.54816007144,1462.15126399137,75.1136440986482,39.0065771699273
12.6233059986946,15.2478566075987,26.6819263100865,7.7360182241476,1135.62502568015,1462.14197606365,75.1064013620054,39.0563595051476
12.7006732770002,15.256520843312,26.6381932897978,7.77860196026715,1135.70231440378,1462.13263700954,75.0991190407482,39.1055978612782
12.7785347149974,15.2652404191654,26.5943384164586,7.82828538753649,1135.78009678537,1462.1232383051,75.0917904934395,39.1542532231971
12.8568424084364,15.2740099704403,26.5503923227265,7.87315246224145,1135.85832496929,1462.11378573288,75.0844202344153,39.2023429299256
12.9354831752899,15.2828168220653,26.5064217256548,7.90664007572898,1135.93688588844,1462.10429295515,75.0770189208632,39.2499162155299
13.0144842744611,15.2916640267208,26.4624143538689,7.94286833315248,1136.01580677404,1462.09475668147,75.0892807470261,39.2969513454864
13.0937619184139,15.3005422011769,26.4184197054449,7.97067248792129,1136.09500392364,1462.08518702589,75.2874902762204,39.3434819732351
13.1733196647111,15.3094517438389,26.3744384061788,7.99883432444767,1136.17448089119,1462.07558355898,75.4864512197056,39.3894968099753
13.252849684724,15.3183581814795,26.3306422799244,7.99604668951943,1136.25393016059,1462.06598343893,75.6853892199677,39.4351493199644
13.3323181822338,15.3272577293151,26.2870504996718,7.98986114084837,1136.33331796997,1462.0563907453,75.8842148846317,39.4804537257961
13.4117622192117,15.3361545378556,26.2436433076567,7.98740184871131,1136.41268134364,1462.04680100431,76.0830160977862,39.5253862055844
13.4912941018214,15.3450611840854,26.2003603986039,7.99623395728995,1136.49213247376,1462.03720065942,76.2820691510404,39.5698794131669
13.570721525619,15.3539561321426,26.1573072279611,7.98573153896723,1136.57147925112,1462.02761292382,76.4808879482403,39.6140346148843
13.6502416670333,15.362861463495,26.1143777357972,7.99505348298117,1136.65091865196,1462.01801399622,76.6799612499626,39.6577349723729
13.729795943935,15.3717706176252,26.0716048244662,7.99848550713505,1136.73039215363,1462.0084109481,76.8791376482035,39.701005961419
13.8091989040735,15.3796281436806,26.0282785332137,7.9779242919758,1136.80972352137,1461.99986080849,77.0895031335785,39.7444787579522
13.8891319182993,15.3800747584177,25.9789822261122,7.99260732221883,1136.88964959459,1461.99871667247,77.3847279252663,39.7910655095269
13.9691224075137,15.3805216942883,25.9298033335511,7.99835432199179,1136.96963313781,1461.99757171377,77.6803347832092,39.8372684134946
14.0490792691183,15.3809684422693,25.8807988054397,7.99499185301829,1137.04958305634,1461.99642723641,77.9759715237011,39.8831343485421
14.1290259262308,15.381415133234,25.8319550340944,7.99397149243159,1137.12952277127,1461.99528290511,78.2717089944737,39.9286471281397
14.2089813281155,15.3818618730592,25.783261316371,7.99484589369385,1137.2094712302,1461.99413844865,78.5676016137149,39.9737922587806
14.2888372655088,15.3823080571402,25.7347841686272,7.98490030827816,1137.28932023329,1461.99299541588,78.8632330412379,40.0186282220166
14.3686055921931,15.3827537517082,25.6865167283381,7.97613999813329,1137.36908163327,1461.99185363715,79.1586311191592,40.0631457643559
14.448447693429,15.3831998584814,25.6383621866688,7.98351681266213,1137.44891680139,1461.99071080243,79.4543777650778,40.1072461038596
14.5282189175801,15.3836455692386,25.590408682838,7.97642971966998,1137.52868109859,1461.98956898223,79.7499214671289,40.1510098125075
14.6081365245638,15.3840920978898,25.5425267329158,7.99106673180941,1137.60859176591,1461.98842506675,80.0460514636707,40.1943002833278
14.6880748865089,15.3845387425065,25.4947930061397,7.99314204769908,1137.68852318639,1461.98728085418,80.3422865743009,40.2371859250346
14.7679937140245,15.3849852779774,25.4472324679787,7.99118877440342,1137.76843507413,1461.98613692123,80.6446086273963,40.2796853559791
14.8478975389834,15.3854317296235,25.3998432237738,7.98968864898197,1137.84833196062,1461.98499320302,80.9475764044892,40.3217896426834
14.9277396471536,15.3858778364355,25.3526536541258,7.98351750605507,1137.92816713568,1461.9838503682,81.2502770626413,40.3635227584467
15.0075891367878,15.3863239844903,25.3056236653429,7.98425558833405,1138.00800969156,1461.98270742773,81.5529557081023,40.4048335793973
15.0874090377895,15.3867699672228,25.2587758789428,7.98129698202829,1138.08782266138,1461.98156491078,81.8554553579165,40.4457391557429
15.1674085345694,15.3872169534222,25.2119889077849,7.99925500033423,1138.16781521139,1461.98041982315,82.1585516789886,40.4860888173754
15.2473335074068,15.387663523229,25.1654126248326,7.99180325319758,1138.24773324392,1461.97927580223,82.461264835974,40.5260451266165
15.3271189998918,15.3881093137086,25.1190851392137,7.97785642915405,1138.32751180821,1461.9781337778,82.7633324218145,40.5656482307031
15.4071195825155,15.3885563059749,25.0728017405497,7.99936357528786,1138.40750544396,1461.97698867463,83.0660798668547,40.604636865585
15.4869971070737,15.389002610671,25.0267592873715,7.98705883729854,1138.48737603234,1461.97584533287,83.3682105384956,40.6432427100078
15.5668973954953,15.3894490425572,24.9808743452105,7.98933502597501,1138.5672693826,1461.97470166528,83.6702595885941,40.6813506620267
15.6468205757153,15.3898956023481,24.935147929386,7.99162400703062,1138.64718562267,1461.97355767002,83.9722107156756,40.7189489463202
15.7265831268403,15.3903412646461,24.889685536859,7.97556249235058,1138.72694124759,1461.97241597396,84.2733545266673,40.7561697407076
15.806481586681,15.3907876863152,24.8443190169827,7.98915218377369,1138.80683276943,1461.97127233254,84.5747942108624,40.7927711970619
15.8863064317978,15.3912336966723,24.7991684902824,7.98179135060636,1138.88665068293,1461.97012974483,84.8757226310632,40.828906423349
15.9660913131168,15.3916794837372,24.7542155036116,7.97779531786218,1138.96642863611,1461.96898772914,85.1762508436669,40.8645386186943
16.0460019241382,15.3921259732993,24.7093679403594,7.9903671963024,1139.04633230808,1461.96784391379,85.4769863148443,40.8995153180956
16.1258373633171,15.3925720428492,24.6647396781706,7.98285066483077,1139.12616081472,1461.96670117443,85.7771565618285,40.9339919010729
16.2058333145676,15.3930190092384,24.6202002196702,7.99890047817025,1139.20614981951,1461.96555613755,86.0776311505734,40.9677480163146
16.2858280833446,15.3934659690205,24.5758410962713,7.99878224109416,1139.28613764192,1461.9644111176,86.3777857987397,41.000907473889
16.3655977507865,15.3939116710799,24.53178668465,7.97627406226238,1139.36590038254,1461.96326931968,86.6767657909177,41.033664721507
16.4455048723683,15.3943581411453,24.487837433189,7.99001828263863,1139.44580056537,1461.96212555428,86.821068102411,41.0656716126061
16.5252703378571,15.3948038197269,24.444147813188,7.97585390345193,1139.5255591044,1461.9609838165,86.9179847106383,41.0971765752207
16.605249909137,15.3952506945951,24.400524192977,7.99726262334152,1139.60553173063,1461.95983901408,87.0151621636177,41.1278162959482
16.685228681929,15.3956975650019,24.3570855074155,7.99718278148794,1139.68550355845,1461.95869422309,87.1123387907728,41.1577792271405
16.7652306735519,15.3961445651408,24.3138197790148,7.99950446297298,1139.76549860308,1461.95754909975,87.2095432145606,41.1870224042971
16.8452344135249,15.3965915750482,24.2707396985432,7.99967928277911,1139.84549539591,1461.95640395139,87.3067487881014,41.2155488067955
16.9251801561038,15.3970382609031,24.2278782349402,7.99388004700886,1139.92543419638,1461.95525963318,87.4038823617757,41.2434051377047
17.0051487154313,15.3974850742438,24.1851929341499,7.99616152374074,1140.00539581161,1461.95411498838,87.501041566558,41.270485290465
17.085007571507,15.3979312746323,24.1427552220672,7.98519215116394,1140.08524773313,1461.95297191384,87.5980648411299,41.2969205181243
17.164956601327,15.3983779788544,24.100459813332,7.99420874255593,1140.16518982055,1461.95182754858,87.6951944661971,41.3224627874848
17.2449391096913,15.398824870133,24.0583381470508,7.9975563062937,1140.24516538361,1461.95068270412,87.792360997358,41.3471519862944
17.3247132263949,15.3992705970521,24.0165179758616,7.97671894978848,1140.32493257311,1461.94954084251,87.8892700556924,41.3712638313557
17.4046511229114,15.3997172390683,23.9748050413244,7.99309550889884,1140.4048635282,1461.94839663661,87.986373199496,41.3943210065589
17.4844254006467,15.400162966887,23.9333711922814,7.97673505154089,1140.48463087872,1461.9472547727,88.0832721721843,41.4167124927006
17.5643972206858,15.4006097984463,23.8920299814258,7.9964875665959,1140.56459575438,1461.94611008123,88.1804051031096,41.4379475738094
17.6442861196556,15.4010561666955,23.8509278270175,7.98819617968984,1140.64447771618,1461.94496657666,88.2774307753423,41.4583668167757
17.7241597420588,15.4015024495889,23.8100305803893,7.98666865569539,1140.72434440274,1461.94382329076,88.3744307999539,41.4778585263316
17.8040874272588,15.4019490345506,23.7693038999957,7.99207446590881,1140.80426514739,1461.94267923102,88.4714888228855,41.4962988584641
17.8840304902973,15.4023957054342,23.7287687771862,7.99361211622017,1140.88420126856,1461.94153495117,88.5685573019934,41.5137127202353
17.9640266706376,15.4028426731032,23.6884073573663,7.99892338516074,1140.96419050241,1461.94038991101,88.6656814939993,41.5300141462688
18.043845136759,15.4032886478186,23.6483366594779,7.98115350646549,1141.04400203747,1461.9392474146,88.7625806099579,41.5455269202028
18.1237954395968,15.4037353591534,23.6084021349796,7.99433603329817,1141.12394539781,1461.93810303112,88.8596298958224,41.5597510598557
18.2037292490096,15.4041819783335,23.5686793400823,7.99268683402333,1141.20387226615,1461.93695888372,88.9566487219103,41.572883268794
18.2835411271262,15.4046279162391,23.529221171129,7.98049476317246,1141.28367721378,1461.9358164816,89.0535085881474,41.5850713123084
18.3635290100881,15.4050748375478,23.4898815711145,7.99809371937299,1141.36365815097,1461.93467156021,89.150570505129,41.5957895999382
18.4433440817652,15.4055207932971,23.4508331378259,7.98081409150036,1141.44346629189,1461.93352911239,89.2474106462033,41.6055959234814
18.5231716457526,15.4059668188453,23.4119856245615,7.9820632140676,1141.52328692403,1461.93238648575,89.3442533263114,41.6141469968009
18.603053416236,15.406413147265,23.3733200245502,7.98748339295853,1141.60316175796,1461.93124308322,89.4411485837162,41.6213310974092
18.6830193871711,15.4068599461432,23.3348233987885,7.99590270696208,1141.68312078503,1461.93009847547,89.5381322139405,41.6270499670593
18.7628188977533,15.4073058149471,23.2966171310228,7.97925811714376,1141.7629133662,1461.92895625038,89.634899683564,41.6317420302755
18.8427553827697,15.4077524490767,23.258556865625,7.99295437114197,1141.84284290991,1461.92781206468,89.6798710336388,41.6347926995532
18.9227246054157,15.4081992661234,23.2206939485724,7.99622784982203,1141.92280518841,1461.92666741039,89.6798710336362,41.636356960382
19.0025253111836,15.4086451416051,23.183124164942,7.97937762533547,1142.00259896466,1461.9255251682,89.6798710336388,41.6368115894599
19.0824176970948,15.4090915293371,23.1457257478258,7.98854484356125,1142.0824844131,1461.92438161372,89.6798710336388,41.6355871970611
19.1622413094332,15.4095375328062,23.1085749395756,7.98166808348033,1142.16230109393,1461.92323904365,89.6798710336361,41.7332928968562
19.242139219411,15.4099839514031,23.0716062178398,7.98909720224328,1142.24219206595,1461.9220954101,89.6798710336388,41.8290525387207
19.3219466915058,15.4104298646908,23.0348967811993,7.98005419925903,1142.32199260795,1461.92095307105,89.6798710336388,41.9232411914618
19.4018558362166,15.4108763460602,22.9983593530168,7.99022057799739,1142.40189481373,1461.9198092767,89.6798710336388,42.015501043333
19.4816418989679,15.4113221397262,22.9620976531593,7.97791345081641,1142.48167394824,1461.91866724409,89.6798710336362,42.1063124938956
19.5614623740684,15.4117681256663,22.926040778642,7.98135438691825,1142.5614874921,1461.91752471893,89.6798710336388,42.1953936637688
19.6414687191081,15.4122151501292,22.8901222721151,7.99993976684636,1142.64148688977,1461.91637953328,89.6798710336388,42.2824976305538
19.72139268929,15.412661714334,22.8544640390366,7.99170299635152,1142.72140391974,1461.91523552671,89.6798710336388,42.3681658899821
19.8013740940973,15.4131085994467,22.8190046465957,7.9974459601799,1142.80137837934,1461.91409069805,89.6798710336388,42.4521691364282
19.8813531425945,15.413555471394,22.783771882824,7.99721034961985,1142.88135048283,1461.91294590311,89.6798710336388,42.5346480194522
19.961278657921,15.4140020442321,22.7487891028473,7.99185749741737,1142.96126905781,1461.91180187443,89.6798710336362,42.6157191052326
20.0411181153941,15.4144481362336,22.7140709935164,7.98325245933374,1143.0411015824,1461.91065907755,89.6798710336388,42.6954597621832
20.1209768788128,15.4148943361044,22.6795724956018,7.98518288627965,1143.12095341126,1461.90951600434,89.6798710336388,42.7737154805743
20.2008252646487,15.4153404779922,22.6453075122926,7.98414521808736,1143.20079486345,1461.90837307966,89.6798710336362,42.8505637068565
20.2807273692597,15.415786920026,22.611249767197,7.98951662914478,1143.28069002974,1461.90722938608,89.6798710336362,42.9259295042669
20.3606823023321,15.4162336572315,22.5774011441363,7.99479901656159,1143.3606380199,1461.90608493632,89.6798710336388,42.9998464157964
20.4406759734776,15.4166806108808,22.5437690506882,7.99867248745868,1143.44062474478,1461.90493993208,89.6798710336388,43.0723671473334
20.5204694549102,15.4171264459976,22.5104542750062,7.97865525453817,1143.52041129732,1461.90379779329,89.6798710336388,43.1438733343451
20.6004239080251,15.4175731805216,22.4773068958624,7.99475102497381,1143.60035880757,1461.9026533504,89.6798710336362,43.2138498583148
20.6803986640776,15.4180200284854,22.4443870699148,7.9967811424227,1143.680326619,1461.90150861691,89.6798710336362,43.2825354499294
20.7603286846358,15.4184666264958,22.4117224994709,7.9923079814529,1143.76024969881,1461.90036452374,89.6798710336362,43.3500458082947
20.8401708181927,15.4189127334497,22.3793312647211,7.98352004449116,1143.84008489926,1461.89922168856,89.6798710336362,43.4164584267269
20.9199311247954,15.4193583832064,22.3472111808226,7.97533805961721,1143.91983827985,1461.89808002462,89.6798710336388,43.4817803914038
20.9998132280559,15.4198047134855,22.3152814561404,7.98751666778116,1143.99971344653,1461.89693661733,89.6798710336388,43.5457663799476
21.0796699032367,15.4202509016887,22.2836024000415,7.98497408061521,1144.07956318734,1461.89579357401,89.6798710336388,43.6086344185006
21.1595681468332,15.4206973221497,22.2521485361154,7.98913056121091,1144.15945449295,1461.89464993568,89.6798710336362,43.6703227339754
21.2395118836684,15.4211439967978,22.2209197418635,7.993679490051,1144.23939128785,1461.89350564619,89.6798710336388,43.7308522506948
21.3194393920523,15.4215905807718,22.1899412869192,7.99205678582657,1144.31931185571,1461.89236158898,89.6798710336388,43.7903199382659
21.3992459552476,15.4220364889813,22.1592541502553,7.97996331722825,1144.39911148888,1461.89121926294,89.6798710336362,43.848863577626
21.4791757530494,15.422483085747,22.1287654701984,7.99228570773266,1144.47903434596,1461.89007517296,89.6798710336362,43.9062244574028
21.558978246017,15.4229289712144,22.0985718093836,7.97955632979283,1144.55882990925,1461.88893290518,89.6798710336388,43.9627019759915
21.6388977878348,15.4233755106764,22.068581681938,7.9912601984106,1144.63874251124,1461.88778896201,89.6798710336362,44.018050128922
21.7187570561479,15.4238217133682,22.0388629033929,7.98523337132647,1144.71859484495,1461.88664588157,89.6798710336388,44.0724782834792
21.7987562090282,15.424268697646,22.0093423698346,7.99922061334946,1144.79858705109,1461.88550079886,89.6798710336362,44.1258027268232
21.8787544190275,15.4247156766553,21.9800737091274,7.99912633344647,1144.87857831442,1461.88435572965,89.6798710336388,44.1781888009813
21.9585335943805,15.4251614318391,21.9511366782997,7.97722477079951,1144.95835056213,1461.88321379563,89.6798710336362,44.229858339114
22.0383734799806,15.4256075262327,21.9224300582753,7.98329526833259,1145.03818351481,1461.88207099263,89.6798710336362,44.2805577863955
22.1182858511239,15.4260540256293,21.893951241896,7.99054319322458,1145.11808894674,1461.88092715209,89.6798710336388,44.3302991738607
22.1980731453188,15.4264998261758,21.865771374332,7.97803658448393,1145.19786931259,1461.87978510186,89.6798710336362,44.3792743287091
22.2778520138119,15.4269455796447,21.8378496018805,7.97719408746925,1145.27764125346,1461.87864317224,89.6798710336388,44.4273936084355
22.3576701377815,15.4273915524484,21.8101703652217,7.98111929426668,1145.35745244641,1461.87750068073,89.6798710336362,44.4746345304342
22.4375002146813,15.4278375920372,21.7827443562466,7.98231448347215,1145.43727559124,1461.87635801812,89.6798710336362,44.5210374714044
22.5172614912825,15.4282832472138,21.7556000151281,7.97543505106005,1145.51702994175,1461.8752163403,89.6798710336388,44.5666800715527
22.5971455334754,15.4287295883264,21.728673379788,7.98771054415847,1145.59690704719,1461.87407290525,89.6798710336388,44.6114326390648
22.6770600793091,15.4291760998741,21.7019972629644,7.99076064339606,1145.67681465363,1461.87292903359,89.6798710336362,44.6553842647221
22.7570313134425,15.4296229281596,21.6755643151738,7.99642898108577,1145.75677894344,1461.8717843505,89.6798710336362,44.6985337139635
22.8369095072259,15.4300692365948,21.6494248057478,7.9871257540246,1145.83665020098,1461.87064099917,89.6798710336388,44.7409982867455
22.9168645508472,15.4305159744183,21.6235240137219,7.99481007046998,1145.91659830168,1461.86949654783,89.6798710336362,44.7826767641976
22.9967374691736,15.4309622533777,21.5979143593686,7.98659825411742,1145.99646428422,1461.868353272,89.6798710336388,44.8236861183713
23.0765225333819,15.4314080414644,21.5725977755945,7.97781360520748,1146.07624242028,1461.8672112537,89.6798710336388,44.8640375973456
23.1563722243935,15.4318541906445,21.5475266979487,7.98427572433138,1146.15608517752,1461.86606831034,89.6798710336362,44.9036506860182
23.2361510835352,15.4322999440613,21.522744554746,7.97719315242139,1146.23585710904,1461.86492638085,89.6798710336362,44.9426172402676
23.3160078394791,15.4327461327156,21.4982061048337,7.98498215622385,1146.31570693061,1461.86378333637,89.6798710336388,44.9808656731539
23.3959963855801,15.4331930577295,21.4738967649962,7.99816002752632,1146.39568853088,1461.86263840549,89.6798710336361,45.0183849125948
23.4758784976543,15.4336393880578,21.4498899768404,7.98751754905679,1146.47556370637,1461.86149499807,89.6798710336362,45.0553121625776
23.5556703173652,15.43408521389,21.4261807979631,7.97848909680033,1146.55534859734,1461.86035288306,89.6798710336362,45.0916447037872
23.6354644149207,15.4338911980941,21.402131265584,7.98297289336915,1146.63514134967,1461.85985056545,89.6872024264863,45.1275992473874
23.715163179446,15.4334116746655,21.3781076460791,7.97533594729612,1146.71484126408,1461.85963457652,89.6977992751994,45.1630806152518
23.7949703438803,15.4329314990272,21.3543223417945,7.98618336379877,1146.79464957998,1461.85941829382,89.7084108189085,45.1978952884081
23.8748048237019,15.4324511590405,21.3308011174996,7.98891677365173,1146.87448521165,1461.8592019371,89.7190262762304,45.2320919419096
23.9545730087046,15.4319712179299,21.3075722539524,7.98228275045403,1146.95425454755,1461.85898576003,89.7296331990461,45.2657175389454
24.0344585889072,15.4314905704878,21.2845834175676,7.99403031221591,1147.03414128034,1461.85876926482,89.7402560125103,45.2987124050919
24.1143212651945,15.4310100608513,21.2618763583074,7.99173835173715,1147.11400510888,1461.85855283168,89.7508760600812,45.3311402033262
24.1942440578364,15.4305291895132,21.2394285474803,7.99775410526199,1147.19392905465,1461.85833623562,89.7615043811675,45.3629818734827
24.2740211788486,15.4300491946373,21.217298215267,7.98317696354352,1147.27370732669,1461.85812003434,89.772113608438,45.3943129687099
24.3538868417455,15.4295686670314,21.1954209610653,7.99203721727827,1147.35357414189,1461.85790359311,89.7827348879565,45.4250661977722
24.4337723456951,15.4290880200481,21.173817030248,7.99402268168051,1147.43346079842,1461.85768709811,89.7933590830889,45.4552731494717
24.5136968664691,15.4286071383121,21.1524824000515,7.99792703684652,1147.51338647235,1461.85747049736,89.8039887436629,45.4849375996863
24.5936371049162,15.4281261620077,21.1314244253492,7.99949988085427,1147.59332786417,1461.85725385403,89.8146207705414,45.514074673018
24.6734148099062,15.4276461636181,21.1106901254627,7.98323540131678,1147.6731067202,1461.85703765116,89.8252314549002,45.5427342760174
24.7532029139342,15.4271661026608,21.0902345802042,7.98427601748845,1147.75289597541,1461.85682142012,89.8358437957999,45.570878358049
24.832930441751,15.4266864061719,21.0700765389183,7.97821424677386,1147.83262465353,1461.85660535324,89.846448352093,45.5985289618107
24.912706985661,15.4262064147684,21.0501890422026,7.98311921380227,1147.91240234846,1461.85638915353,89.857059699873,45.6256690060988
24.992472687726,15.4257264885967,21.0305880176977,7.982034286618,1147.99216920138,1461.85617298319,89.8676698767093,45.6523176335461
25.0722175561538,15.4252466877749,21.0112765454729,7.97994949574349,1148.07191522037,1461.85595686932,89.8782775526482,45.6784821974383
25.1520936299709,15.4247660975297,20.9922191850068,7.993079022452,1148.15179244664,1461.85574039987,89.8889029517919,45.7041439342111
25.231861733692,15.4242861569079,20.9734739026679,7.98227461673669,1148.23156170125,1461.85552422303,89.8995142575657,45.7293477277592
25.31170923453,15.4238057385778,20.9549972834347,7.99021976727527,1148.31141035413,1461.85530783102,89.9101363939878,45.7540699993234
25.3916256672493,15.4233249055054,20.9367933119328,7.99711767732515,1148.39132793988,1461.8550912522,89.9207679688943,45.7783196268513
25.471430501914,15.4228447438846,20.918903631209,7.98595022722147,1148.47113392597,1461.85487497581,89.9313849647947,45.8021239445416
25.5511598569744,15.422365036402,20.9013198697654,7.97839709630935,1148.55086443137,1461.85465890398,89.9419921851209,45.8254802798975
25.6310743185897,15.421884215189,20.8839858865178,7.99692043192335,1148.63078004599,1461.8544423305,89.9526242981711,45.8483662894584
25.7107718550659,15.4214046991492,20.8669894322523,7.9752130582754,1148.71047873234,1461.8542263449,89.9632278153004,45.8708252914881
25.7906022329228,15.4209243838429,20.8502561675415,7.98850629618974,1148.79031026199,1461.85400999929,89.9738492707518,45.8928287174462
25.8703442085548,15.420444600426,20.833833411902,7.97966001800378,1148.87005338814,1461.85379389326,89.9844592274972,45.9143985857904
25.9501794052023,15.4199642561264,20.817684479104,7.98898850535625,1148.94988973665,1461.85357753459,89.9950818504681,45.9355253903633
26.0300600747755,15.41948363823,20.8018204747045,7.99353891289793,1149.02977155874,1461.85336105269,90.0057107864187,45.9562170069344
26.1099922786593,15.4190027102672,20.7862414051696,7.99869587412686,1149.10970491588,1461.85314443112,90.0163468416289,45.9764771001391
26.1896947827617,15.4185231643386,20.7710017587295,7.97571016118163,1149.18940856993,1461.85292843206,90.0269525925264,45.996320127072
26.2695139402504,15.418042916542,20.7560353339393,7.98738349076011,1149.26922887905,1461.85271211686,90.0375741259181,46.0157332372356
26.3494403781577,15.4175620232712,20.741345774244,7.99811888149707,1149.34915647014,1461.85249551092,90.048210194917,46.0347213858541
26.429155036575,15.4170824042139,20.726991765649,7.97692642526818,1149.42887227868,1461.85227947892,90.0588183399593,46.053294861391
26.5088720270073,15.4166027711254,20.7129342015499,7.9771597865154,1149.50859041927,1461.8520634406,90.0694270525141,46.0714491684428
26.5885890111481,15.4161231380749,20.6991741121209,7.97715915694134,1149.58830855356,1461.85184740229,90.0800360206937,46.0891863996522
26.6685129039334,15.4156422601174,20.6856775369904,7.9978641949594,1149.66823359949,1461.85163080325,90.090672781615,46.1065077983387
26.7483807775033,15.4151617192106,20.672490309337,7.99225843599415,1149.74810262539,1461.85141435603,90.1013023432358,46.1234175114598
26.8282817344378,15.4146809792513,20.6595981626145,7.99556903875782,1149.82800473514,1461.85119781915,90.111936563323,46.1399166776291
26.9081309726494,15.414200550468,20.6470152370026,7.99039362361655,1149.90785512542,1461.85098142242,90.1225641545426,46.1560062423493
26.9880725400087,15.4137195661678,20.6347196140484,7.99963286311249,1149.98779784617,1461.85076477548,90.133204288519,46.1716884797557
27.0678421222033,15.4132396166507,20.6227520342733,7.98242256534868,1150.06756857928,1461.85054859464,90.14382178421,46.1869614574332
27.1475532472809,15.4127600188523,20.6110946837947,7.97657284926972,1150.14728085443,1461.85033257221,90.1544317506159,46.2018265243659
27.2272699628674,15.4122803874176,20.5997384078869,7.97713228309876,1150.22699872017,1461.85011653463,90.16504271184,46.2162854012782
27.3071609489492,15.41190354807,20.5887636493933,7.99452337607508,1150.30688995275,1461.84979618811,90.1744865769965,46.2303123651253
27.3869594624359,15.411648045077,20.5782253065479,7.98521407475928,1150.38668765741,1461.84935531681,90.1825335826703,46.2438976394663
27.4667206652384,15.4113926615473,20.5679958812665,7.98148049894953,1150.46644805176,1461.84891465165,90.1905770135781,46.2570781854467
27.5466515956747,15.4111367345749,20.5580500337585,7.99846466857707,1150.54637817203,1461.84847304877,90.1986377484323,46.2698598191675
27.6264734690399,15.4108811567871,20.5484232433941,7.98755163247697,1150.62619923633,1461.84803204842,90.2066876727393,46.2822357855799
27.7062390812582,15.4106257591392,20.5391086231118,7.98192173684365,1150.70596404006,1461.84759135889,90.2147321100013,46.2942075400689
27.7859581776548,15.4103705104278,20.530104860035,7.9772670286533,1150.78568232843,1461.84715092636,90.2227720423765,46.3057754680514
27.8657560392111,15.4101150095223,20.5213983925583,7.98514883791795,1150.86547938117,1461.84671005867,90.2308201046568,46.3169433937567
27.9454899772558,15.4098597132903,20.5130052637283,7.97875219087,1150.94521251104,1461.84626954414,90.2388619056378,46.3277073032907
28.0252363165358,15.4096043773514,20.5049175186229,7.97999314779881,1151.02495804202,1461.84582896109,90.2469051427813,46.3380695232977
28.1051512379408,15.4093485016375,20.4971207268819,7.99686268961523,1151.10487215342,1461.84538744667,90.254965568855,46.3480346665921
28.1850589187204,15.4090926491072,20.4896333273282,7.99613814044278,1151.18477902427,1461.84494597224,90.2630254501719,46.3575973591324
28.2648215565255,15.4088372609828,20.4824676876586,7.98162409564247,1151.26454085361,1461.84450529915,90.2710708864683,46.3667537685151
28.3446852737544,15.4085815492171,20.4756017663455,7.99173883088515,1151.34440376135,1461.84406406762,90.2791267029624,46.3755106166081
28.4245265581873,15.408325909278,20.4690469486287,7.98949404372252,1151.42424423652,1461.84362296002,90.2871804409919,46.3838643452157
28.5043644843397,15.4080702800915,20.4628018158037,7.98915798999951,1151.50408135345,1461.84318187098,90.2952340242428,46.3918153108955
28.5840736467636,15.4078150631872,20.4568756923202,7.97627296378487,1151.58378970795,1461.84274149333,90.3023220072739,46.39936063389
28.6639008988311,15.4075594681777,20.4512504325617,7.98808986418881,1151.6636161509,1461.84230046325,90.2997454432686,46.4065056898511
28.7436201303963,15.4073042190337,20.4459422836155,7.97728055460029,1151.74333457444,1461.84186002998,90.2971723656725,46.4132455628459
28.8234143883894,15.4070487296662,20.4409391065191,7.98478823942132,1151.82312802365,1461.84141918219,90.2945968663322,46.4195836497351
28.9031465063462,15.4067934392618,20.4362498041896,7.97857005976839,1151.90285933345,1461.84097867772,90.2920233725492,46.4255173535496
28.9828586862108,15.4065382126962,20.4318716293551,7.97657491063583,1151.98257070537,1461.8405382834,90.2894505221908,46.4310473790372
29.0625684948945,15.4062829937229,20.4278036863161,7.97633763320628,1152.06227970612,1461.84009790218,90.286877748264,46.4361738523493
29.1423298750915,15.4060276096251,20.4240436948207,7.98149825031287,1152.14204027787,1461.83965723603,90.2843033096844,46.4408970431911
29.222040932759,15.4057723866528,20.4205966368807,7.97646261550835,1152.22175052759,1461.83921684791,90.281730495268,46.4452158622401
29.301858952462,15.4055168212037,20.4174561996025,7.98716600727639,1152.30156773827,1461.83877586885,90.2791542283969,46.4491309573816
29.3816879064303,15.4052612207449,20.4146269946793,7.98826016862877,1152.38139588311,1461.83833482938,90.2765776085393,46.4526412974364
29.4615910436532,15.4050053827623,20.4121074089579,7.99568347944878,1152.46129821044,1461.83789338005,90.2739985942371,46.455746392114
29.5412950517992,15.4047501823614,20.409905444026,7.97575718961889,1152.54100141072,1461.83745303088,90.2714260071348,46.4584472464665
29.621205546606,15.4044943208209,20.408010038373,7.99641973227263,1152.62091109556,1461.83701154091,90.2688467552847,46.4607416252352
29.701129034581,15.404238417678,20.406427155664,7.99771992230671,1152.70083377344,1461.83656997915,90.266267084038,46.4626299436167
29.780847920479,15.4039831696408,20.4051600537938,7.97724596465123,1152.78055185132,1461.83612954778,90.2636940166732,46.4641156496656
29.8606635755484,15.4037276117631,20.4042033682819,7.98692938500899,1152.86036669739,1461.83568858178,90.2611178259146,46.4651946963185
29.940497498166,15.4034719953954,20.4035587585747,7.98875736744958,1152.94019981082,1461.83524751486,90.2585410455489,46.4658679399621
30.0202901010896,15.4032165113271,20.403226600131,7.9846226212394,1153.01999160498,1461.83480667622,90.2559655988752,46.4661367788647
30.1000722520908,15.4029610607245,20.4032064759703,7.98357672660495,1153.09977294732,1461.83436589532,90.2533904895867,46.4660007378007
30.1797864615438,15.4027058276605,20.4034979418188,7.97677800587262,1153.1794863488,1461.83392548979,90.2508175732741,46.4678710569952
30.2595112498542,15.4024505607246,20.4041009351457,7.97783660255373,1153.25921032903,1461.83348502581,90.248244315564,46.4689584599474
30.3392129770558,15.402195367627,20.4050151007693,7.97552894188557,1153.33891124839,1461.83304468924,90.2456718022575,46.4692610401253
30.4191554764249,15.4019394036126,20.4062446996525,7.99962233934784,1153.41885293747,1461.83260302244,90.2430915176799,46.4687655574941
30.4990157092332,15.4016837030035,20.407785636748,7.99139015465626,1153.49871236083,1461.83216181016,90.240513888483,46.4679480899571
30.5787846854169,15.4014282945845,20.40963664966,7.98225835945923,1153.57848052848,1461.83172110205,90.2379392048534,46.4644143805115
30.6585742647556,15.4011728201975,20.4117998349426,7.98432005957002,1153.65826929908,1461.83128028012,90.2353638563212,46.4544533142161
30.7382710164453,15.4009176430307,20.4142715954169,7.97503105631331,1153.73796524298,1461.83083997103,90.232791504083,46.4356895410003
30.8181251139792,15.4006619620658,20.4170599546703,7.9907762149116,1153.81781853112,1461.83039879265,90.2302140733574,46.4115631012154
30.8979417876511,15.4008531009191,20.4206049542929,7.98819501210237,1153.89763049764,1461.82951113803,90.2225153822342,46.3854615989873
30.9776752468043,15.4052630836844,20.4286712833358,7.99085778639419,1153.97732243692,1461.82440552633,90.1664417450056,46.3574560151328
31.0573364821168,15.4096690718171,20.4370387301463,7.983619539754,1154.05694218996,1461.81930453936,90.1104158825242,46.3413465687272
31.137045484197,15.4140777018847,20.4457193772124,7.98840670755599,1154.1366096849,1461.81420049373,90.0543535136699,46.3380619149046
31.2167091456128,15.4184838242029,20.4547027068167,7.98386268294998,1154.21623186278,1461.80909935141,89.9983202312977,46.3389066368943
31.2964186846458,15.422892483969,20.4639986028551,7.98846052078879,1154.2958998944,1461.80399527139,89.942251982003,46.3364383500639
31.3761793342702,15.4273039706139,20.4736078175765,7.99358280533343,1154.37561900998,1461.79888791858,89.8861451872483,46.3385482967794
31.4557743804761,15.4317062978891,20.4835031498533,7.97698609200306,1154.45517260839,1461.79379116994,89.8301524048204,46.3371373245808
31.5353913852515,15.4361098396721,20.4937066458229,7.97918677171692,1154.53474815393,1461.78869301521,89.7741418039882,46.3389512485371
31.6150444426807,15.4405153754937,20.5042199892517,7.98279995531193,1154.61435973335,1461.7835925519,89.7181035739516,46.3361338191561
31.6948266710791,15.4449280556403,20.5150559503334,7.99574542210903,1154.69410041648,1461.77848381733,89.6619723036118,46.3334093064815
31.7746023804108,15.4493403752235,20.5261963205632,7.99509208363015,1154.77383458393,1461.77337550019,89.6058435610689,46.3352769966361
31.8543237255362,15.4537496879735,20.5376335729646,7.98964372299961,1154.85351441549,1461.76827066419,89.5497511191475,46.3332105838134
31.9340828777368,15.4581610917972,20.5493803272965,7.99343273406848,1154.93323203443,1461.76316340726,89.4936302337034,46.3339078967416
32.0138657775844,15.462573809081,20.5614343435037,7.9958127144957,1155.01297338866,1461.7580546297,89.4374909028733,46.326500253925
32.0934576660097,15.4669759617024,20.5737616885265,7.97666962037911,1155.09252383092,1461.75295808326,89.3814843548129,46.3124991298305
32.1731386240853,15.4713830406825,20.5864046175585,7.98559614779078,1155.17216329646,1461.74785583337,89.3254136148242,46.2943559092416
32.2528303777299,15.4757907167553,20.5993507224666,7.98667807574966,1155.25181355195,1461.74275289222,89.2693338681169,46.2733443727586
32.3324666975968,15.4801953268381,20.6125884236027,7.98112252302235,1155.33140840252,1461.73765350067,89.2154790017956,46.2495048462059
32.4120632405707,15.4845977368981,20.6261192064587,7.97713609752827,1155.41096349691,1461.73255665619,89.1620372273213,46.2364490576158
32.4917655889626,15.4890059989567,20.6399676011282,7.98773987738532,1155.49062434163,1461.72745303661,89.1085232753778,46.2346319841516
32.5714687080237,15.4934143036401,20.6541153559523,7.9878171135555,1155.57028595661,1461.72234936768,89.0550077596756,46.2342744325121
32.6512104500248,15.4978247445221,20.6685687967857,7.99168789033429,1155.64998617442,1461.71724322559,89.0014653575016,46.2189103082521
32.730891598125,15.5022318340122,20.68330919114,7.98561519199866,1155.72962582989,1461.71214096354,88.9479627815018,46.1961020180454
32.8107025450927,15.506646102556,20.6983715101566,7.99862358647515,1155.80939521663,1461.70703039002,88.8943722833279,46.1757920684751
32.8904345386965,15.5110560042632,20.7137159928514,7.99071090957732,1155.88908569112,1461.70192487216,88.8408341262232,46.1575484888535
32.9700952931545,15.5154619658001,20.7293426263499,7.98357134869439,1155.96870496356,1461.69682391598,88.7873432255284,46.1301857496683
33.0497598928216,15.519868140012,20.745265095615,7.98395671416074,1156.04832807921,1461.69172271359,88.733849257334,46.0906199974251
33.1294496314128,15.5242757046343,20.7614871383384,7.98647612782661,1156.12797632069,1461.68661990146,88.6803380161646,46.0524054832636
33.2092322069488,15.5286884039807,20.7780224984441,7.99578021207708,1156.20771735077,1461.68151114466,88.626764135826,46.0272115802901
33.2888872541297,15.5330940498536,20.7948246116795,7.98299936752301,1156.28733091891,1461.67641055394,88.5732756848453,46.0160208697301
33.3684713118928,15.5374957693684,20.8119036000043,7.97588483431609,1156.36687353459,1461.67131450893,88.519834791165,46.0094150017997
33.4480799278613,15.5418988471744,20.8292789946379,7.97834604858072,1156.44644069569,1461.66621689136,88.4663773874794,45.9967776313032
33.5278224341321,15.5463093303275,20.8469747978998,7.99176448514336,1156.52614167737,1461.66111070034,88.4128301502704,45.979123712368
33.6076441939519,15.5507241969199,20.8649793109896,7.99970724653103,1156.60592187134,1461.65599943443,88.3592298621763,45.9561463578619
33.6873767290667,15.5551341285775,20.8832537260331,7.99076517957728,1156.68561288705,1461.65089388189,88.305689749861,45.9373507146785
33.7669576595952,15.5595356751281,20.9017816749206,7.97557142404257,1156.76515237713,1461.64579803712,88.2522517932051,45.9306895411451
33.8466401112162,15.5639428367147,20.9206210504585,7.98574583036825,1156.84479333544,1461.6406956916,88.198746113263,45.933341629919
33.9262388185878,15.5683453664856,20.9397273710909,7.97735301266075,1156.9243505931,1461.63559870852,88.1452972064281,45.9288800814814
34.0059327725198,15.5727531642544,20.9591428769234,7.98689858770813,1157.00400304773,1461.63049562647,88.0917849773915,45.9167669935989
34.0857495362527,15.5771677545178,20.9788746616818,7.99920654055895,1157.08377824821,1461.62538468048,88.0381910143998,45.8744021713141
34.1655130654562,15.5815794004296,20.9988787727982,7.99387139567407,1157.16350024187,1461.62027714328,87.9846336191696,45.8175054587388
34.2451187026674,15.5859823134834,21.0191270182847,7.97804751863005,1157.24306442577,1461.61517971645,87.9311831541739,45.7688616125156
34.3249383060286,15.5903970608041,21.0397134598483,7.99949112703907,1157.3228424644,1461.61006858863,87.8775900332155,45.7410449228483
34.404761712712,15.5948120184829,21.0605842231981,7.99987229459221,1157.40262430436,1461.60495721727,87.8239954633212,45.7359551841368
34.4845527266551,15.599480415096,21.0819782404326,7.99939053366543,1157.48237154118,1461.5995926993,87.7674850187321,45.7454507469417
34.5634181033326,15.6123176730667,21.1114287683529,7.99566221434507,1157.56112189012,1461.58606770862,87.6169317799828,45.7404182630238
34.6422907430197,15.6251561132688,21.1411430163895,7.99639856500435,1157.63987949147,1461.57254147238,87.4663349932762,45.7279286596771
34.7211863975293,15.637998299693,21.1711259695451,7.99873189242207,1157.71866007408,1461.55901128922,87.3156666391898,45.7078152211678
34.8000486074363,15.6508350421946,21.2013550173966,7.99534115549177,1157.79740726087,1461.54548684162,87.1650366196207,45.6788468049569
34.8789193752539,15.6636731777044,21.2318450320552,7.99620878797141,1157.87616299308,1461.5319609264,87.0143667970459,45.6487716814065
34.9576420284793,15.6764872039624,21.262533658484,7.98119238535874,1157.95477082674,1461.51846041203,86.8639586027071,45.6259728111495
35.0364705525888,15.6893184632814,21.2935185937452,7.99192596535431,1158.03348437686,1461.50494174137,86.7133288621733,45.6085136839475
35.115336350415,15.7021557898043,21.32477245654,7.99570491194027,1158.11223514633,1461.49141667847,86.5626106817726,45.5846579548395
35.1940416697759,15.7149669945542,21.3562151715335,7.97943501436384,1158.1908256714,1461.47791913677,86.4121840955173,45.5326334321452
35.2729294057595,15.7278078920457,21.3879827129085,7.99792908310774,1158.26959834703,1461.46439031159,86.2613958163074,45.4677357951998
35.3517949382854,15.7406451753844,21.4199923284919,7.99567801484955,1158.34834885159,1461.45086529419,86.1106390056895,45.4118157982137
35.4305075052657,15.7534575598608,21.4521889897905,7.98016980470275,1158.42694661371,1461.43736650956,85.9601657400151,45.3766881445736
35.5093564647302,15.7662921455308,21.4846898541496,7.99399777685176,1158.50568056938,1461.42384433434,85.8094249450446,45.3643102698743
35.5880467388943,15.7791009013091,21.5173720659111,7.9779096769169,1158.5842560712,1461.41034937281,85.658982821006,45.3665585767069
35.6669428297367,15.791943158757,21.5503861068077,7.99877612946439,1158.6630370895,1461.39681911482,85.5081445848768,45.3571189077965
35.745849362506,15.8047871158824,21.5836501045073,7.9998347704357,1158.74182853451,1461.3832870661,85.3572858443943,45.338907545435
35.8246752436515,15.8176179449948,21.6171241981393,7.99165801191702,1158.82053944552,1461.36976884869,85.2065828466182,45.3006537684163
35.9035656363548,15.830459274932,21.6508688238452,7.99819843112491,1158.899314774,1461.3562395679,85.0830774560385,45.2600800708944
35.9824297137226,15.8432963214083,21.6848441733313,7.99553048553644,1158.97806382552,1461.34271480005,84.9858149031683,45.2248358455423
36.0611684243253,15.8561129613949,21.7190057444282,7.98282034138101,1159.05668769313,1461.32921153193,84.8887001130818,45.1922876964442
36.1400509802678,15.8689530157087,21.7534692868091,7.99740391149535,1159.13545519628,1461.3156835951,84.7914016019108,45.149351259627
36.2188163362787,15.8817739928835,21.7881197379268,7.98552175093791,1159.21410567043,1461.30217575743,84.6942419142259,45.0995651920567
36.2976935626251,15.894613179676,21.8230567092931,7.99686357741593,1159.29286785176,1461.2886487346,84.5969390448656,45.0558184649511
36.3765245881807,15.9074448461662,21.8582093461279,7.99217957112705,1159.37158389967,1461.27512963496,84.4996885437631,45.0210219871313
36.4552366861455,15.9202571542987,21.8935433421853,7.98012225421262,1159.45018119346,1461.26163093076,84.4025807040321,44.9880579352549
36.5340270419035,15.9330822007903,21.929145897854,7.98805631733267,1159.5288566309,1461.24811880577,84.3053728183545,44.9537537666313
36.6129137072056,15.9459229240024,21.9650248084812,7.99782053347444,1159.60762823741,1461.23459016421,84.2080431642101,44.9198351805374
36.6917342840323,15.9587528897078,22.0011052090554,7.99112024056376,1159.68633385184,1461.22107285647,84.110792665635,44.8890347349745
36.7705233572301,15.9715777274315,22.0374013646914,7.98792628668016,1159.76500800859,1461.20756095143,84.013579215558,44.8666999042204
36.8492366162723,15.9843902245576,22.0738912591821,7.98023996848497,1159.84360646176,1461.19406204812,83.9164580487547,44.8480360774231
36.9279242853451,15.997198556294,22.1105966024417,7.97764556317707,1159.92217936229,1461.18056753335,83.819367755975,44.8182144406419
37.0068175161108,16.010040348195,22.1476248644602,7.99848616434028,1160.00095752469,1461.16703776584,83.7220236842071,44.7792717945765
37.085488397457,16.0228459473205,22.184774002799,7.97594356166664,1160.07951366198,1461.15354613008,83.62495437921,44.7460133239282
37.1643033827191,16.0356750028627,22.2222155912885,7.9905533471494,1160.158213693,1461.14002978126,83.5277082457592,44.7231311366196
37.2429737915685,16.048480525078,22.2598113594868,7.97589565820526,1160.23676935847,1461.12653822652,83.4306420310606,44.7056474288467
37.3217930225677,16.0613102717172,22.2977004066981,7.99098379560164,1160.31547362904,1461.11302114958,83.3333942895538,44.6788855917357
37.4006825020025,16.074151452998,22.3358447558928,7.99810584059451,1160.39424804558,1461.09949202541,83.2360625355713,44.6411233962385
37.4795566182556,16.086990133547,22.3742021108687,7.99654826468322,1160.47300712135,1461.08596553595,83.1387529585024,44.6070627495904
37.5583450600899,16.0998148685009,22.4127367256298,7.98786227673991,1160.55168064765,1461.07245373918,83.0415528575276,44.581488804941
37.6370127661155,16.1126199507659,22.4514294684167,7.97562163596158,1160.63023361425,1461.05896264797,82.9445060303744,44.559310594907
37.7156801128177,16.1254249745421,22.490337924503,7.9755852064467,1160.70878622204,1461.04547161837,82.8474645238347,44.5257235258693
37.7943675496759,16.1382332684799,22.5294711702718,7.97762202040176,1160.78735889069,1461.03197714343,82.7504036705132,44.4830195665016
37.8731876966312,16.1510631642134,22.5688847195188,7.99107665860211,1160.86606407588,1461.01845990941,82.6531851279493,44.4458344034272
37.951982572141,16.1638889464045,22.6084988923054,7.988514546433,1160.94474402648,1461.0049470093,82.5560043249635,44.4192233577757
38.0308171756128,16.1767211952875,22.6483453058068,7.99254231347004,1161.02346364709,1460.99142729607,82.4587816560453,44.3987389895991
38.1095687760138,16.1903501404788,22.6891173210636,7.998886624648,1161.1020933154,1460.97711164119,82.3523187854967,44.3704936320691
38.1875376155283,16.2082544204336,22.7338036361611,7.99973190368037,1161.17990294377,1460.95852764513,82.1960132224365,44.3306746604123
38.2655058415428,16.2261585595082,22.7786828857588,7.99966895754333,1161.25771195989,1460.9399437953,82.0397086167166,44.2938784802139
38.343399903057,16.2440456679075,22.8237113170157,7.99205955713405,1161.33544696295,1460.92137762269,81.8835547404406,44.263649416262
38.4213625359696,16.2619485226169,22.8689702859715,7.99909509604913,1161.41325039738,1460.90279510598,81.727267775485,44.2339381971312
38.499268810495,16.2798384355363,22.9143861832601,7.99331263230997,1161.49099758852,1460.88422602239,81.5711004836708,44.1896138739207
38.5770654427202,16.2977031708789,22.9599262186003,7.98206315092393,1161.56863536124,1460.8656830722,81.4151619683859,44.1379136041297
38.6549622753596,16.3155909156222,23.0057120748316,7.99234387917677,1161.64637312976,1460.8471162391,81.259033927015,44.0939412809462
38.7327301171577,16.33344903971,23.0516078230786,7.97910920547438,1161.72398217085,1460.82858015116,81.1031780286832,44.0635956894193
38.8104852230917,16.3513042392133,23.0976804589068,7.97780248477939,1161.80157850207,1460.81004709884,80.9473635525351,44.0436131186405
38.8884493545934,16.3692074380492,23.1440609759729,7.99924885375658,1161.87938343204,1460.79146422494,80.7911484815163,44.0217785588155
38.9663143312852,16.3870878675907,23.1905653260858,7.98907540626824,1161.95708940967,1460.77290498474,80.6351526600834,43.9864747363756
39.0441437302903,16.4049601272931,23.2372299094612,7.98542507674429,1162.03475988226,1460.75435422455,80.4792509707366,43.9498074400893
39.1218860755242,16.4228123965084,23.2840223447504,7.97649321582285,1162.11234347884,1460.73582421376,80.3235487709017,43.9147507581624
39.1996572460519,16.440671284985,23.3310110924412,7.97945073863957,1162.18995584186,1460.71728733241,80.1678162454825,43.8751104249392
39.2774079053264,16.4585254633847,23.3781652938066,7.97734625015873,1162.2675477355,1460.69875533996,80.0121544843788,43.8158544577892
39.3552077310385,16.4763909320599,23.4255262301095,7.98239080797648,1162.34518869519,1460.6802116286,79.8564262964111,43.7539972196372
39.4331534594696,16.4942899049291,23.4731523811149,7.99736066828482,1162.42297525966,1460.66163314111,79.7437870406351,43.7045469163283
39.5110751552108,16.5121833590808,23.5209392559647,7.99489487453829,1162.50073784052,1460.64306038184,79.6847963520403,43.6734727863314
39.5889413910157,16.5300640777572,23.5688662475025,7.9892045933404,1162.57844507469,1460.62450084153,79.6258472864966,43.6579065457246
39.6668188701453,16.5479473782807,23.6169732032992,7.99035817705444,1162.65616352923,1460.60593862137,79.5668894710997,43.6464540309974
39.7447480414452,16.5658425490731,23.6652842628746,7.9956618792261,1162.73393357038,1460.58736408029,79.507892408417,43.6193957572044
39.822490003185,16.5836947302251,23.7136498260014,7.97645386869553,1162.81151678426,1460.5688341609,79.4490370862251,43.5708541748471
39.9002464240014,16.6015502316696,23.7621937469438,7.97793739387416,1162.88911442768,1460.55030079517,79.3901709535977,43.5206446341436
39.9780777923043,16.6194229435893,23.8109530435695,7.98562712995918,1162.96678686555,1460.53174956559,79.3312483420066,43.4797479242308
40.055978931454,16.637311677253,23.859923907851,7.99278573425254,1163.04452893179,1460.51318170602,79.2722732959744,43.4503421261142
40.133874726874,16.6551991838157,23.9090582974467,7.99223745875061,1163.12226566522,1460.49461512014,79.2133028063672,43.425977629217
40.2118055243052,16.6730947280229,23.9583807290076,7.99582872299361,1163.20003732918,1460.47604019147,79.1543064550387,43.3916948474442
40.2896037729044,16.6909598345397,24.0077838283125,7.9822289935837,1163.27767671497,1460.45749685602,79.0954112073448,43.3243482598628
40.3674454509745,16.7088349139302,24.0573780470608,7.98668492911966,1163.35535944156,1460.43894316909,79.0364839665881,43.2395628633343
40.4452639804051,16.726704677611,24.1071200222771,7.98430984044098,1163.43301906677,1460.42039499968,78.9775752582193,43.1607133331538
40.5231611288078,16.7445924948643,24.1570739724529,7.99237627700786,1163.51075715041,1460.40182809131,78.9186081698831,43.1024705948753
40.6010042096589,16.7624678963809,24.2071538846312,7.98682885677554,1163.58844127691,1460.38327407002,78.8596832687048,43.0708096907986
40.6787341146076,16.7803173088863,24.2573202222805,7.97521682200604,1163.66601245861,1460.36474702439,78.8008454181913,43.0632974990475
40.7567038800648,16.798221801469,24.3078002309842,7.99982690689503,1163.74382301103,1460.34616280763,78.741827514708,43.0694604231685
40.8344924912559,16.8160846949112,24.3583205282839,7.9812401795818,1163.8214527791,1460.32762176928,78.6829483645386,43.0616075959285
40.9122341252506,16.8339368008019,24.4089665865987,7.97642024149536,1163.89903566589,1460.30909192801,78.6241065244844,43.0434557814044
40.9900802353973,16.8518128979471,24.4598362731102,7.98713966752985,1163.9767228155,1460.29053718469,78.5651874873805,43.0022424397006
41.0680369746218,16.8697143992665,24.5109332824574,7.99849039388937,1164.05452036829,1460.27195607275,78.5061867288724,42.9561271880054
41.1458818280423,16.8875902078248,24.5621107975343,7.98701072534313,1164.13220626373,1460.25340162897,78.4472727816475,42.9151855798187
41.2238198089544,16.9054874016018,24.613502583046,7.99656576001435,1164.20998509651,1460.23482498811,78.3882906131291,42.8809247527238
41.3015838192334,16.9233446458436,24.6649313253371,7.9787160852924,1164.2875903139,1460.21628981342,78.3294424795305,42.8469864388828
41.3794965009684,16.9412360300747,24.7166093779669,7.99397002259502,1164.36534389916,1460.19771920266,78.2704843439312,42.7987177038359
41.4572519864689,16.9590913167392,24.7683328978422,7.97784142892342,1164.44294060917,1460.17918605986,78.2116477864636,42.7139278334119
41.5351910034622,16.9769887484355,24.8203276758228,7.9966720636643,1164.52072047592,1460.16060917205,78.1526751087746,42.6164927057352
41.6129922193551,16.994854536343,24.8723785425055,7.98253344279947,1164.59836282294,1460.14206512934,78.0938095743462,42.5288885492068
41.6908899665426,17.0127424910975,24.9246412248838,7.99243771334295,1164.67610150415,1460.12349807825,78.0348740059816,42.4653202620948
41.7687490420663,17.0306215655314,24.9770242538777,7.98846993662301,1164.75380159266,1460.10494024461,77.9759708226551,42.4317361322989
41.8466494600762,17.0485101335969,25.0295805506455,7.99271174413152,1164.83154293924,1460.08637255692,77.917039615352,42.4261526046087
41.9244319167446,17.0663716137528,25.0822015128918,7.98060871534981,1164.90916656535,1460.06783298551,77.858201015712,42.4389570941276
42.0021959620393,17.0842288660351,25.1349532030321,7.978719677974,1164.98677181768,1460.04929780247,77.7993798340431,42.439117520542
42.0801450910591,17.1021286197943,25.1879732203083,7.99770957428264,1165.0645617758,1460.03071850444,77.7404222808952,42.4268075187127
42.1579160711681,17.1199874645444,25.2410136211913,7.97943120137788,1165.14217394879,1460.01218166848,77.6816032150448,42.4055412982097
42.2358814285227,17.1378909448776,25.2943276214285,7.99937462831731,1165.2199801021,1459.9935985024,77.6226410162172,42.3633838244863
42.3138248547152,17.155789389075,25.3477668840008,7.99712445478071,1165.29776436904,1459.97502056364,77.5636994073202,42.3170514302489
42.3915991920771,17.1736490047639,25.4012291183626,7.97977566109621,1165.37537989242,1459.95648292748,77.5048897796187,42.2755375175634
42.4695676169854,17.1915531895111,25.4549631607958,7.9996893643809,1165.45318910703,1459.93789903024,77.44593764078,42.2397292710033
42.5474572472007,17.2094392803344,25.5087803808255,7.99160489853239,1165.53091968784,1459.91933391384,77.3870494512497,42.2032913154632
42.6241492108179,17.2316138717772,25.5658717559326,7.9958003038133,1165.6074152239,1459.8964909116,77.2771691882309,42.1522609483004
42.6995770205907,17.2581060083808,25.6262080609331,7.99440794672118,1165.68260897704,1459.86934156027,77.1158239998925,42.0631746464711
42.7749721335862,17.2845866610568,25.6866252292522,7.990942495747,1165.75777013487,1459.84220397777,76.9545298006874,41.9604280885457
42.850447380613,17.3110954588125,25.7472130230468,7.99943570453906,1165.83301117807,1459.81503755196,76.7930477505201,41.8666196229702
42.9258583565213,17.337581682941,25.8078548061421,7.99262376684346,1165.90818814958,1459.78789425979,76.6316893626625,41.7965539827928
43.0011821264031,17.364037278128,25.8685310766074,7.98338101468398,1165.98327818567,1459.7607823564,76.5039048001206,41.7573157991597
43.0765658503443,17.3905139306828,25.9293595855835,7.98973539790022,1166.05842798978,1459.73364887325,76.4014242389888,41.7485274792676
43.1518779498716,17.4169654269489,25.9902334072117,7.98214410252986,1166.13350639174,1459.70654117047,76.2990247793927,41.7625946847973
43.2273140618789,17.4434604795053,26.051310055095,7.99528788013849,1166.20870842135,1459.67938883085,76.196441055706,41.7669036336795
43.3025986269172,17.469902304969,26.1123656497015,7.97922578979051,1166.28375937426,1459.65229103879,76.0940484545372,41.76163842005
43.3779242254917,17.4963585424388,26.1735554377497,7.98357483333093,1166.35885123337,1459.62517847718,75.9915857370011,41.755867578608
43.4533316185164,17.5228435081689,26.2349120702021,7.9922440258204,1166.43402463312,1459.59803647462,75.8889980761549,41.7272388984311
43.528711459057,17.5493187967762,26.2963459807834,7.98932380584301,1166.50917056588,1459.57090438926,75.7864348722713,41.6898322738931
43.6040379720503,17.5757753554126,26.3578353064709,7.98367175034364,1166.58426333657,1459.54379149852,75.6839318705022,41.6505362423287
43.6793600729474,17.6022303644105,26.4194191732375,7.98320412310422,1166.65935170886,1459.51668019586,75.5814231758627,41.6090152027232
43.7547832868237,17.6287208868201,26.4811833617966,7.99392083896091,1166.73454088036,1459.48953249877,75.478765808732,41.5578336801617
43.8301734745653,17.6551998096236,26.5430174763635,7.99042048019473,1166.80969712822,1459.46239668906,75.3761429853938,41.4826784564437
43.9055930547281,17.6816890557818,26.6049720283047,7.99353571061511,1166.88488267729,1459.43525029988,75.2734703985694,41.4072428442897
43.980871865706,17.7081288602754,26.6669063533842,7.9786159311072,1166.95992789399,1459.40815457892,75.1709803754412,41.345856696317
44.0561360978659,17.7345635443229,26.728923314503,7.9770707580552,1167.03495857711,1459.38106410543,75.0685017943232,41.3056571056455
44.1315872448695,17.7610638775465,26.7911886055306,7.9968814023654,1167.11017559506,1459.35390635415,74.9657609334914,41.2867861149315
44.2070589947219,17.7875714470069,26.8535647118209,7.99906504763057,1167.18541315194,1459.32674118711,74.8629848854388,41.2826166445788
44.282386892406,17.8140284919814,26.9159148344861,7.98381851029699,1167.26050730302,1459.29962779796,74.7603982778072,41.2800501202039
44.3576367935082,17.8404581426025,26.9782924303648,7.97555184452794,1167.33552369955,1459.27254248277,74.6579121088783,41.2545228130064
44.4329284792982,17.8669024690526,27.0407960869813,7.97998050075839,1167.41058175111,1459.24544212767,74.5553639036899,41.2190683541639
44.508379205661,17.8934026545366,27.1035228757813,7.99683681969764,1167.48579834974,1459.21828452779,74.4525945968392,41.1798930418138
44.5837155347009,17.9198626608147,27.1662449224711,7.98471212895238,1167.56090090601,1459.19116810388,74.3499772850981,41.1365676268529
44.6590272842972,17.9463140341764,27.2290361319826,7.98210701420321,1167.63597895912,1459.16406052705,74.2473902941749,41.0817698248737
44.7342764583452,17.9727434294377,27.2918640518693,7.9754747858271,1167.71099463086,1459.13697547355,74.1448860432041,41.0015681848818
44.8096357122407,17.9992114874994,27.3548723077992,7.98714187797159,1167.78612004085,1459.1098507981,74.0422299970625,40.9229335511866
44.8849016468453,18.0256467694882,27.4178902578134,7.97725119600072,1167.86115242114,1459.08275971184,73.9396998871825,40.8597683544772
44.9601871000698,18.0520889069051,27.4810116451515,7.9793199264619,1167.93620425947,1459.05566160008,73.8371426604535,40.8190882305544
45.0355749578399,18.0785670113643,27.5443055750341,7.99017353225499,1168.01135818458,1459.02852662901,73.7344460634218,40.8012323325841
45.11086328706,18.105010158903,27.6076019190952,7.97962474618107,1168.08641288999,1459.00142748206,73.631885836045,40.8001057667584
45.1862248756203,18.1314790369576,27.6710453075072,7.987389323354,1168.16154062741,1458.97430196629,73.5292272592618,40.8034056982651
45.2615492715662,18.1579348520339,27.7345422312951,7.98344736968284,1168.23663128762,1458.94718983755,73.4266214515351,40.7887263225636
45.3369581994447,18.1844203568431,27.7981947992008,7.99240670121508,1168.31180621746,1458.92004728254,73.3239032629091,40.756146729175
45.4124337551366,18.2109292630096,27.8619875728368,7.99946841918863,1168.38704756836,1458.89288074564,73.2210977507447,40.7178173896732
45.4878117391772,18.2374038995676,27.9257811432345,7.98912703996175,1168.46219165039,1458.8657493285,73.1184292295753,40.6794849159007
45.5632562967022,18.2639019184014,27.9897138075015,7.99618299977155,1168.53740209931,1458.83859394902,73.0156747835114,40.6402549307024
45.6385797926132,18.2903574173629,28.0536259075086,7.98335197718698,1168.61249186228,1458.81148214424,72.9130906222926,40.5930043492123
45.714041847464,18.3168615816958,28.1177371992095,7.99803749828134,1168.68771975424,1458.78432046681,72.8103238265827,40.5241762224577
45.7894854727602,18.3433592731073,28.1819139457893,7.99608419512515,1168.76292927383,1458.75716542287,72.7075888630785,40.4534501523133
45.8647776326052,18.3698037660574,28.2460421545398,7.98003074465087,1168.83798779797,1458.73006489714,72.6050675274844,40.394253315051
45.9401682668789,18.3962828456943,28.310334073835,7.99046780706849,1168.91314449097,1458.7029289267,72.5024201397877,40.3535125566653
46.0154866974539,18.422736565583,28.3746436519831,7.98281511468231,1168.98822920433,1458.67581894513,72.3998797457923,40.331894382963
46.0908988811961,18.4492232139332,28.4391120842713,7.99275178220705,1169.06340737993,1458.64867521821,72.297221068765,40.3239228414577
46.1662111003295,18.4756747522079,28.5035732218238,7.98215677927365,1169.13848590112,1458.62156747238,72.1947084716383,40.3182713057182
46.2415915317883,18.5021502483606,28.568170431128,7.9893864358135,1169.21363242296,1458.59443517432,72.0921136871277,40.2924326475687
46.3168723791522,18.5285907680838,28.632759346062,7.97883176264586,1169.28867966973,1458.56733872038,71.9896657383491,40.2577754355932
46.3921931675655,18.5550453161044,28.6974590632431,7.98306501616607,1169.3637667336,1458.54022789014,71.887175389382,40.2194189771091
46.4675518578435,18.5815131762098,28.7622674327063,7.98708214155049,1169.43889158173,1458.51310341756,71.7846460876881,40.1763980836121
46.5430281773876,18.6080223506603,28.8272527408894,7.99954937801231,1169.51413369412,1458.48593660572,71.6819700551623,40.1216732253645
46.6185080239336,18.6345327638821,28.8923164164551,7.99992319624871,1169.58937932256,1458.45876852437,71.5793032020859,40.0423059461822
46.6937545078352,18.6609612142968,28.9572534117503,7.97518966384814,1169.6643923125,1458.43168443916,71.4769683319276,39.96480089116
46.7690266812108,18.6873986874981,29.0222864780783,7.97791242795647,1169.73943091219,1458.40459110732,71.3746137254851,39.9020568253594
46.8444523482107,18.7138900715061,29.0875258011852,7.99418083949713,1169.81462252921,1458.37744252726,71.2720663019431,39.8608422256722
46.9198940353097,18.7403870821742,29.1528522271419,7.9958787703712,1169.88983011661,1458.35028818096,71.1695136744867,39.8418909980888
46.9951711340632,18.7668262852918,29.2181086580109,7.97843445666367,1169.9648736264,1458.32319307629,71.0672019568425,39.8401327692264
47.07058007042,18.7933117930785,29.2835515268088,7.99240759977838,1170.04004856469,1458.29605051823,70.9647289055522,39.8448591734059
47.1459251410003,18.8197748696048,29.3490106098901,7.98563862331212,1170.11515983539,1458.2689309479,70.8623611350022,39.8341795023936
47.2213172270832,18.8462544591531,29.4145817370656,7.99062168073724,1170.19031797569,1458.2417944549,70.7599486391467,39.8059263418543
47.2967488483977,18.8727479344656,29.4802580495334,7.99481192263192,1170.26551552855,1458.21464373166,70.6575022614841,39.7706259406916
47.3720050928977,18.8991798130469,29.5458517677865,7.97622416564263,1170.3405382488,1458.18755613323,70.647447208206,39.7330683287737
47.4473924486846,18.925657741197,29.6116294993591,7.99012032829924,1170.41569167348,1458.16042134284,70.647447208206,39.6919976215274
47.5228294001153,18.9521530885798,29.6775199058868,7.99537684856332,1170.49089453992,1458.13326870109,70.6474472082051,39.6405883868356
47.5981874700142,18.9786207307921,29.7434102681743,7.98701638907078,1170.56601876959,1458.10614445181,70.647447208206,39.5663714112925
47.6735563647249,19.0050921749498,29.809378472302,7.98816368428525,1170.64115379049,1458.07901630627,70.647447208206,39.492697901406
47.7489895765139,19.0315862088766,29.8754709871136,7.99498049310641,1170.71635292888,1458.05186501055,70.647447208206,39.4320416707104
47.8243582781496,19.0580575852214,29.9415744876864,7.98814322072431,1170.79148775731,1458.02473693451,70.647447208206,39.3910281164578
47.8993031014939,19.0855788688877,30.0083348583116,7.99203505696496,1170.86618956152,1457.99656269011,70.6344862329844,39.3704437359888
47.9693893657117,19.1237041581603,30.0807589080959,7.97840253110044,1170.93594045538,1457.95782724226,70.4883952947694,39.3655792083487
48.0395915422781,19.1618925010404,30.153339984885,7.99159763267962,1171.00580670693,1457.91902773168,70.3420047668415,39.3693084695428
48.1097978348071,19.2000830829083,30.2259623310367,7.99206618109019,1171.07567705475,1457.88022594629,70.1955495032071,39.3613034048719
48.1799474535272,19.2382428355488,30.2985627574649,7.98561461077188,1171.14549099995,1457.84145548352,70.0491582584038,39.3378835331981
48.2501656262825,19.276439879982,30.3712706127538,7.99341858911794,1171.21537317115,1457.80264713214,69.9025715739197,39.3073732863442
48.3203210909645,19.3146028126891,30.4439497242862,7.98628009691602,1171.28519293434,1457.7638734384,69.7560653526979,39.2726819237633
48.3904382942627,19.352744932098,30.5166250817961,7.98192453988595,1171.35497461923,1457.72512089107,69.609590540793,39.231172349716
48.4605230048055,19.3908693762076,30.5893023545515,7.97822566556861,1171.42472396685,1457.6863863019,69.4631370510841,39.1747899604074
48.5307843125735,19.4290898850793,30.6621982227694,7.99832894493011,1171.49464906666,1457.64755411056,69.316269713575,39.1227452494052
48.6008469084154,19.4672022993084,30.7349230365978,7.97570819673128,1171.56437640539,1457.6088317438,69.1697749576181,39.0831007390769
48.6710836866675,19.505409464697,30.8078635914112,7.99553658107761,1171.63427709306,1457.57001310949,69.0228750242072,39.0582834871027
48.7411736354535,19.5435367582885,30.8806862915913,7.97882197090075,1171.70403165385,1457.53127562524,68.8762431904129,39.045545920079
48.8113566556752,19.581714680565,30.9536401068392,7.98941693393281,1171.77387884073,1457.49248670204,68.7293795278193,39.0368361941192
48.8815441442458,19.619895033519,31.0266327649746,7.98992559687467,1171.84373047457,1457.45369530927,68.582471284025,39.0134435088938
48.9516352188722,19.6580229395413,31.0995590444003,7.97895013308153,1171.91348615581,1457.41495720279,68.4357315979961,38.9833484914359
49.021802117835,19.69619209223,31.1725978972942,7.98758173990063,1171.98331729857,1457.37617718953,68.2888018126697,38.9491316670051
49.0918633648485,19.734303772728,31.2455601624236,7.97555465031182,1172.05304329493,1457.33745556825,68.1420638771669,38.9082166728018
49.1620545840475,19.7724861550567,31.3186910036881,7.99035028003855,1172.12289864155,1457.29866211362,67.9950262035606,38.852671727508
49.2321567235672,19.8106200801221,31.3917619925994,7.98020972613012,1172.19266533475,1457.25991789177,67.8481495649422,38.8013924462995
49.3023418155778,19.8487991294036,31.4649522125627,7.98965277994867,1172.26251458349,1457.22112782354,67.7010754553875,38.7621218587461
49.3724082528581,19.8869136332856,31.5380511716565,7.9761454941472,1172.33224574529,1457.18240333368,67.5542282906278,38.7374240489899
49.4425523598514,19.9250703876756,31.6112634372014,7.9849871729326,1172.40205420514,1457.14363591715,67.40719855736,38.7246487168154
49.5126419303547,19.9631974754901,31.6844508127022,7.97877890837844,1172.47180838946,1457.10489864197,67.2602652938064,38.7162260560314
49.5828881865411,20.0014097966531,31.7578337036196,7.99661551964236,1172.54171850971,1457.06607476937,67.1129876004516,38.6934221891512
49.6531226975698,20.039615728725,31.8312360364461,7.99527848740108,1172.611616941,1457.02725738811,66.9657205004133,38.6638360905359
49.72320848969,20.0777407611875,31.9045143328199,7.97834878899157,1172.68136736502,1456.98852220118,66.8187531837226,38.6299704464685
49.7933352005878,20.1158880525084,31.9778665803233,7.9830068554671,1172.75115851201,1456.94976439915,66.6716899510882,38.5891196816649
49.8634639500261,20.1540364527474,32.051251925005,7.98323891659384,1172.82095168779,1456.91100547047,66.5246142658453,38.5336418061703
49.933641337737,20.1922113110698,32.1247189516598,7.98877574639628,1172.89079326911,1456.87221966026,66.3774303291972,38.4826050434407
50.0038371635939,20.2303961993128,32.1982358777912,7.99087468765792,1172.96065320034,1456.83342365962,66.2302034140095,38.4436083624376
50.074053226692,20.2685920961416,32.271804403678,7.99317843228346,1173.03053327198,1456.7946164742,66.0829316882985,38.4191623182561
50.1442170855097,20.3067595950625,32.3453484011291,7.98723565925611,1173.10036138914,1456.75583814118,65.9357690362275,38.4068518337184
50.2144380730128,20.3449581706526,32.4189822677979,7.99373901124927,1173.17024636161,1456.71702823413,65.7884880863105,38.3994042923409
50.2845579907084,20.3831017666303,32.4925398849263,7.98223353846697,1173.24003074791,1456.6782741866,65.6414225820256,38.3776805831788
50.3547887985005,20.421305684228,32.566243408206,7.99485692243325,1173.30992549369,1456.63945885205,65.4941299157055,38.3487935460065
50.4250584179233,20.4595307144454,32.640017089079,7.99927511788555,1173.37985886537,1456.600622067,65.3467632196978,38.3150439998639
50.4953043020978,20.4977428332428,32.7137950721981,7.99657317097881,1173.44976861539,1456.5617984,65.1994556147182,38.2738422222276
50.5655233783808,20.5359403691738,32.7875739017807,7.99352144389995,1173.51965168579,1456.52298954925,65.0522154793273,38.2177395206327
50.6357532668766,20.5741437866958,32.8613928997843,7.99475227259682,1173.58954551667,1456.48417472278,64.9049658692934,38.1665796895877
50.7058264569196,20.612261963923,32.9350757122659,7.97691420770134,1173.65928339891,1456.4454465008,64.7580598948198,38.1277824213396
50.77602938255,20.6504507142766,33.0089233200678,7.99168290379457,1173.72915039595,1456.40664657623,64.6108989852208,38.1037760120435
50.8462988527269,20.6886756633078,33.0828691801637,7.9992581281811,1173.7990836191,1456.36780987366,64.4636176149434,38.0922982370652
50.9165501119355,20.7268907059979,33.1568239429453,7.99718504815246,1173.86899871843,1456.32898323598,64.3163953877899,38.0864514441905
50.9867489313968,20.7650772226915,33.230751345715,7.99121547027607,1173.93886162894,1456.29018558082,64.1693059403843,38.0660699382187
51.0568677860057,20.803220240375,33.3046221376347,7.98211251997273,1174.00864495724,1456.25143212083,64.0224088115173,38.0380135012991
51.1271204014196,20.8414360208091,33.3786613283644,7.99733943433966,1174.07856140629,1456.21260473359,63.8752582120468,38.0043306361057
51.1973698387392,20.8796500724343,33.4527244922134,7.99697764995508,1174.14847469245,1456.17377910284,63.7281429797289,37.9624843656027
51.2675208734942,20.9178105953649,33.5267109952903,7.98577580780257,1174.21829004691,1456.13500785745,63.5812643957429,37.9052561873748
51.3376852087669,20.955978353466,33.6007384197733,7.9872898973932,1174.28811863824,1456.09622926109,63.4343904482338,37.8536811730165
51.4077833751274,20.9941101172259,33.6747227133773,7.97975743405405,1174.35788137729,1456.05748723514,63.2876893680517,37.81495752395
51.4779791393344,21.0322949719325,33.7488365638785,7.99086766960099,1174.42774124717,1456.01869126856,63.1408203642819,37.7915094618583
51.5480520687799,21.0704130074006,33.8228470465644,7.97688454207382,1174.49747887006,1455.97996319061,62.994246532297,37.7812514514024
51.6182939927278,21.1086229719272,33.8970622421215,7.99612235110253,1174.5673846788,1455.94114171236,62.8473593933981,37.7775040870514
51.688474569721,21.1467995651446,33.9712386683394,7.98913880437613,1174.63722943413,1455.90235413949,62.7006426297901,37.7693190867105
51.7587352172072,21.1850197148386,34.0455256343476,7.99825378051028,1174.70715387682,1455.86352231307,62.5538025262369,37.7439959464488
51.8289920662743,21.2232377982811,34.1198343380308,7.99782138026203,1174.77707453926,1455.82469258597,62.4070163422526,37.7126194195957
51.8991296512587,21.2613910048507,34.1940424195837,7.98424472768675,1174.84687650831,1455.78592877403,62.2605270955309,37.6817408344565
51.9692476178151,21.2995335394544,34.2682550662528,7.98201142683974,1174.9166589528,1455.74717580485,62.1141284154867,37.6532127746915
52.0395213690651,21.3377608172892,34.3426578331703,7.99974547225866,1174.98659643655,1455.70833673621,61.9674561173498,37.6242960503794
52.1097831120436,21.3759815629051,34.4170729822906,7.99837848792667,1175.05652196948,1455.66950430433,61.8208624617691,37.5879428180556
52.179889670167,21.4141178915878,34.4913486221035,7.98071272626985,1175.12629306013,1455.63075764039,61.6746478616458,37.5327114998593
52.2500592467977,21.4522885008652,34.5657157226494,7.98788655729149,1175.19612686775,1455.59197614723,61.5283589984202,37.4729356980142
52.3203312022422,21.490514801824,34.6402159266284,7.99954104333883,1175.26606256428,1455.5531380711,61.4548428554159,37.420125566341
52.3904866567911,21.5286777290191,34.7146170190324,7.98627894340316,1175.33588231738,1455.51436438297,61.4548428554136,37.3812395785649
52.4606124104123,21.5668244996037,34.7890108201356,7.98289788207039,1175.40567251168,1455.47560711002,61.4548428554171,37.358673377653
52.5308008463621,21.6050053679097,34.86349519777,7.99003344357479,1175.47552508837,1455.43681519364,61.4548428554171,37.350453492454
52.6009108624744,21.6431435776576,34.9379202516863,7.98110637299251,1175.54529962046,1455.39806661854,61.4548428554159,37.3504107488493
52.6710187113114,21.6812806084583,35.0123667339973,7.9808596570685,1175.61507199566,1455.35931924125,61.4548428554171,37.3481628338993
52.7411281593174,21.7194185091695,35.0868384928971,7.98104170152801,1175.68484596237,1455.32057098012,61.4548428554159,37.3279671328852
52.8112143504935,21.757543758709,35.1613089651592,7.97839421625831,1175.75459678353,1455.28183557264,61.4548428554159,37.3002220275097
52.881460027758,21.7957557649521,35.2359722445238,7.99654961699271,1175.82450632763,1455.24301202,61.4548428554159,37.2709259564269
52.9517330017839,21.8339826199953,35.3106877734686,7.9996569954732,1175.89444303786,1455.20417338091,61.4548428554159,37.2418581223704
53.0219909584851,21.872201305965,35.3854104218232,7.99794746990083,1175.96436480264,1455.16534304164,61.4548428554159,37.2104451572982
53.090443955498,21.9129868778169,35.4609287067829,7.97971437041997,1176.03245927643,1455.12396166527,61.419119658963,37.1703985053352
53.1559277535313,21.9588917960805,35.5384135408368,7.99703525804798,1176.09753999014,1455.07748704824,61.3155898088956,37.1097023792175
53.2213902867046,22.004781807425,35.6158841995266,7.99443834334961,1176.16259956989,1455.03102752312,61.2120732977858,37.0452878568067
53.2868693269297,22.0506833904086,35.6933853106935,7.99645422330941,1176.22767555508,1454.98455628276,61.1085110691686,36.9889817933516
53.3521897206539,22.0964737603154,35.7707094561021,7.97707993990625,1176.29259387032,1454.93819763568,61.0051808795445,36.9482650070747
53.4176429678575,22.1423572620852,35.8482016273162,7.9933043189405,1176.35764422125,1454.89174470093,60.9016222871106,36.9262196430957
53.482997030945,22.1881712346144,35.9255870465339,7.9811917216517,1176.4225959986,1454.8453621583,60.7982030718706,36.9218522778543
53.5483313282056,22.2339713510648,36.0029596546391,7.97877787243342,1176.48752813179,1454.79899364372,60.6947982762052,36.9300434047664
53.6137095837225,22.2798022827741,36.0803948549851,7.98414615798392,1176.55250395265,1454.75259393144,60.5913077049804,36.9315054512824
53.6791936342391,22.3257073780313,36.1579658564691,7.99706609188579,1176.61758491729,1454.70611913522,60.4876340914346,36.9262637943828
53.7446496738499,22.3715928373116,36.2355141068183,7.99364533425542,1176.68263804345,1454.65966421866,60.3839899224401,36.9186227897854
53.8100659832994,22.4174504452781,36.313025638858,7.98879339361447,1176.747651684,1454.61323749907,60.2803944521489,36.8971873282293
53.875530924631,22.4633421447702,36.3906050883153,7.99473243331304,1176.81271365708,1454.56677626485,60.1767084201698,36.8709380257494
53.9409887381837,22.5092288476048,36.4681863211174,7.99386197221465,1176.87776854626,1454.52032008931,60.0730208043119,36.8448100834333
54.0063281525863,22.5550325512325,36.5456373630169,7.97940278983442,1176.94270576509,1454.47394794303,59.969508574242,36.8196370827546
54.071741517368,22.6008880949521,36.6231861436037,7.98843378387974,1177.00771647911,1454.4275233133,59.8658676932336,36.7920412450904
54.1372212123624,22.6467901369368,36.7008235974391,7.9965341852745,1177.07279311503,1454.38105160824,59.7621108750956,36.7547248323812
54.2026573875078,22.6926616709915,36.7784194201041,7.9912194390723,1177.137826499,1454.33461078973,59.6584128565581,36.6964914224987
54.2681432449563,22.7385680329292,36.85608407136,7.99728675863589,1177.20290925945,1454.2881347111,59.5546266159161,36.6345629074722
54.3335236149452,22.7844004469082,36.9336334485689,7.98440438226098,1177.26788718177,1454.24173349816,59.4509987661103,36.5802610211824
54.3988541339109,22.8301979147292,37.0111334468543,7.97831645819242,1177.33281555992,1454.19536766508,59.3474418310993,36.5406822650299
54.4641778306203,22.8759906000676,37.0886350363999,7.97748330822215,1177.39773715781,1454.14900667382,59.2438882912679,36.5188516646585
54.5295536722837,22.9218198396366,37.1662081267187,7.98385137251462,1177.46271057967,1454.10260867469,59.140245338689,36.5138142054208
54.5949026502509,22.9676302474365,37.2437589138454,7.98057071481599,1177.5276573032,1454.05622974103,59.0366389020267,36.5207828858032
54.6603103082895,23.0134817906614,37.3213888613064,7.98773686298518,1177.5926623456,1454.00980916145,58.9329340312067,36.5214160170678
54.7256631015366,23.0592948730176,37.3989631484837,7.98103664577357,1177.65761286092,1453.96342752004,58.8293114307832,36.515789621112
54.7911139019705,23.105176659573,37.4766631861253,7.99300551367342,1177.72266078015,1453.91697632179,58.7255293837718,36.5079726119696
54.8564525977326,23.1509798594252,37.5542394782412,7.97931502776919,1177.78759728477,1453.87060468553,58.6219217336286,36.4870791402446
54.9217835772563,23.1967776501026,37.6318158812584,7.97837270261371,1177.85252612064,1453.82423852559,58.5183236384224,36.4616013708438
54.987152740171,23.2426022077897,37.7094468472833,7.98303574801539,1177.91749290487,1453.77784526644,58.4146629893486,36.4361502665136
55.0525714256843,23.2884614814054,37.7871458041484,7.98908356414177,1177.98250890686,1453.73141686052,58.3109224803552,36.4114335552117
55.1180051013005,23.3343312632603,37.864871694027,7.99091419067699,1178.04753980668,1453.68497781595,58.2071575511631,36.3842979059051
55.1833095845279,23.3801104797204,37.9424531688623,7.97513691266067,1178.11244230936,1453.63863046073,58.1035975266697,36.3478181526561
55.2486854095417,23.4259397076178,38.0201283949848,7.98384933922207,1178.17741571468,1453.59223247341,57.9999250776436,36.2912022966102
55.3139889883658,23.4717182900806,38.0977267155511,7.97502646482317,1178.24231731852,1453.54588576006,57.8963685819232,36.2311797427117
55.379461217427,23.5176150983575,38.1755343457685,7.99562242798274,1178.30738653447,1453.49941935366,57.7925467160986,36.1784450099259
55.4448158643862,23.5634294801877,38.2532110814527,7.98126302542514,1178.37233889209,1453.45303639666,57.6889140512451,36.1398725361039
55.5101472540466,23.6092275583761,38.3308689493218,7.97842278946773,1178.43726813558,1453.40666994563,57.585321685827,36.1183575938609
55.5756299686851,23.6551317171668,38.4087154435459,7.99690295130131,1178.50234777257,1453.36019609749,57.4814934845012,36.1129961049585
55.6410334176485,23.7009803097803,38.4864763971368,7.98722284084652,1178.56734863179,1453.31377850514,57.3777957539807,36.1193047441283
55.706443342343,23.746833441958,38.5642536846335,7.98801367235137,1178.63235592689,1453.26735631687,57.2740932219097,36.1196487505855
55.7719128567354,23.79272834722,38.6421104233706,7.99529090625001,1178.69742244489,1453.22089183711,57.170302368416,36.1140493848729
55.8373135016753,23.8385749741797,38.7198937953766,7.98688040691195,1178.76242051735,1453.1744762348,57.0666275215235,36.1066964230223
55.9026794096949,23.8843972501467,38.7976443241818,7.98263825257309,1178.82738406672,1453.12808528569,56.9630152349496,36.0866995452033
55.9680631421099,23.930232021226,38.8754244755549,7.98481500961934,1178.89236533077,1453.08168168639,56.8593828674506,36.0621216460784
56.0334145067249,23.9760441020942,38.9531744879087,7.98086217786768,1178.95731442625,1453.03530105891,56.7558106466147,36.0373599466158
56.0987658707919,24.0218561825783,39.0309328130993,7.98086211092304,1179.02226352119,1452.98892043181,56.6522479443458,36.013053736227
56.1641907116711,24.0677197711783,39.1087868425044,7.98983527187957,1179.08728564066,1452.94248765735,56.5485790133725,35.9861358051494
56.2295810863176,24.1135591985405,39.186608084531,7.98562617454445,1179.15227350605,1452.89607934399,56.4449755802361,35.9499859586485
56.2950430693621,24.1594488242384,39.2645227368548,7.99437116034096,1179.21733253906,1452.84962020931,56.3412702684599,35.8943457351934
56.3605012230751,24.2053357655295,39.3424409754791,7.99390351338079,1179.2823877663,1452.80316379235,56.2375832821037,35.8356902453068
56.4258986315554,24.2511801236925,39.4202949901944,7.98648516285466,1179.34738262223,1452.756750487,56.1340054346259,35.7842930372901
56.4913840178394,24.2970861553388,39.4982617892735,7.99722921894281,1179.41246491442,1452.71027474276,56.0303018596168,35.7466085479587
56.5567925327801,24.3429382992622,39.5761450581462,7.98784150987631,1179.47747080844,1452.66385355502,55.9267342928452,35.7254821947529
56.6222999215788,24.3888597549317,39.6541540170704,7.99991621773224,1179.54257496771,1452.61736219535,55.8230251431394,35.7200729653768
56.6877763402729,24.4347595001907,39.7321340079098,7.99613407577854,1179.6076483475,1452.57089281552,55.7193806737369,35.7261129689116
56.7531588624266,24.4805934228628,39.8100100186169,7.984667209693,1179.67262840874,1452.52449007516,55.615901120854,35.7265379929702
56.8185848746181,24.5264578325664,39.8879456329279,7.9899783152563,1179.73765169231,1452.47805646941,55.5123696990078,35.7213445256586
56.8839142434865,24.5722544941558,39.9657738686274,7.97817600562703,1179.80257892744,1452.43169145256,55.4090088071202,35.7148751295282
56.9492281682607,24.6180403292518,40.0435913950055,7.97628993652761,1179.86749081355,1452.38533739657,55.3056905986483,35.6960547970573
57.0146281140912,24.6638864661275,40.1215190691722,7.98679503002204,1179.93248819121,1452.33892229043,55.202255266956,35.6725152655452
57.0800080138367,24.7097185504603,40.1994304732918,7.98434695504257,1179.99746564617,1452.29252141122,55.0988712626613,35.6484440085605
57.1453413047667,24.7555179614611,40.2772938975188,7.97865497698076,1180.06239677923,1452.24615361084,54.9955812255352,35.6244553333089
57.2107474910651,24.8013684729789,40.3552517261975,7.98755713062128,1180.12740035894,1452.19973407576,54.9690891596303,35.5975924609107
57.2761629426435,24.8472254795676,40.4332280890579,7.98868862838717,1180.1924131469,1452.15330796501,54.9690891596325,35.561518879033
57.3414680025206,24.8930051002659,40.5110802924013,7.97520733447745,1180.25731622268,1452.10696020053,54.9690891596303,35.5249209320282
57.4069098717501,24.9388806259411,40.5891029939389,7.99191481400048,1180.32235526568,1452.06051534086,54.9690891596303,35.4940552621074
57.4722531228262,24.9846870191224,40.6670154705182,7.97987133341958,1180.38729629757,1452.01414047165,54.9690891596303,35.4718166111398
57.5376561683084,25.0305353288906,40.7450065576596,7.98717356676352,1180.4522967558,1451.96772316565,54.9690891596318,35.4575235398533
57.6029992275258,25.0763415875765,40.8229333787685,7.97984790318878,1180.51723759701,1451.9213484326,54.969089159634,35.4471978321265
57.6685056066929,25.1222623354825,40.9010622198889,7.99979291914497,1180.58234075286,1451.87485778947,54.9690891596303,35.4284728381925
57.7339001023193,25.1681046517004,40.9790648156028,7.98612943828339,1180.64733271386,1451.8284465514,54.9690891596318,35.4054333609073
57.799287067836,25.2139416892226,41.0570655780427,7.9852098436153,1180.71231719111,1451.78204065753,54.9690891596303,35.3786221693287
57.8646818750734,25.2597842238837,41.1350828037947,7.98616749295616,1180.77730946181,1451.73562919831,54.9690891596318,35.3452215374234
57.9299957820145,25.3055700464787,41.2130105697869,7.9762877587229,1180.84222133019,1451.68927515497,54.9690891596303,35.3160223002467
57.9954483334643,25.3514530605168,41.2911107900529,7.99321935184416,1180.90727098966,1451.642822714,54.9690891596303,35.293736531247
58.0608959721801,25.3973326306703,41.3692121489052,7.99261939721764,1180.97231576663,1451.59637375966,54.9690891596303,35.2778249847181
58.1262462615006,25.4431439577441,41.447204282008,7.98073086035438,1181.03726379344,1451.54999389532,54.9690891596318,35.2644178527916
58.1915496458886,25.4889224039049,41.5251473301171,7.97500271982863,1181.10216520404,1451.50364731996,54.9690891596303,35.2443066348551
58.2570478904217,25.5348374493356,41.6033298371529,7.99879949851893,1181.16726027533,1451.45716245008,54.9690891596318,35.2212823474361
58.3223610215522,25.5806227280781,41.6812982076157,7.97619301489904,1181.23217137267,1451.41080895734,54.9690891596318,35.1960277104621
58.3876775424081,25.6264103830583,41.7592774027909,7.97660697614774,1181.29708583888,1451.36445305888,54.9690891596303,35.1656944818586
58.4529997835153,25.6722020480025,41.8372701685257,7.97730554665322,1181.36200599012,1451.31809310068,54.9690891596303,35.124230445671
58.5184073149304,25.718053502463,41.9153714854164,7.98772139943321,1181.42701090668,1451.27167261096,54.9690891596318,35.0845546360665
58.583726088481,25.7638427366088,41.993373489446,7.97688208051841,1181.49192761171,1451.22531511373,54.9690891596303,35.0527458008378
58.6491157685416,25.8096816770582,42.0714668078135,7.98554135008017,1181.55691478679,1451.17890729333,54.9690891596325,35.0314387996315
58.7145838281614,25.8555755625073,42.1496603511595,7.99511324600317,1181.62197985897,1451.13244384603,54.9690891596325,35.0200441200084
58.7800780093765,25.9014877595044,42.2278916828273,7.99830327658565,1181.68707089195,1451.08596185993,54.9690891596303,35.0147831507255
58.8455449335227,25.947380848973,42.3060970064985,7.99497457928956,1181.75213483564,1451.03949921849,54.9690891596303,35.0087163697067
58.9110274676477,25.9932848812216,42.3843274921715,7.99688090656418,1181.81721429322,1450.99302549847,54.9690891596303,34.9911597302457
58.9763487283652,26.0390758589009,42.4623717637444,7.97718581918161,1181.88213347012,1450.94666623607,54.9690891596303,34.9691392527367
59.0417447265065,26.0849192283998,42.5405117528657,7.98631292891805,1181.94712692439,1450.90025393165,54.9690891596318,34.9462992668199
59.1070697675127,26.1307128561064,42.6185733381609,7.97764747692854,1182.0120498583,1450.85389198633,54.9690891596303,34.923185955906
59.1724702236013,26.1765593506789,42.6967313958962,7.98685734393075,1182.07704774308,1450.80747651805,54.969089159634,34.8970199285868
59.2379705676592,26.2224758679019,42.7750151634926,7.99905589743284,1182.14214490096,1450.76099015811,54.9690891596303,34.8619115410406
59.3034716876422,26.268392929057,42.8533061655032,7.99915065520327,1182.20724283,1450.71450324749,54.9690891596318,34.8266103273332
59.3688647965444,26.3142342731653,42.9314743230696,7.98596008830355,1182.27223341282,1450.66809299359,54.9690891596303,34.7970114251408
59.4342684712833,26.36008302405,43.0096613299256,7.98725041307625,1182.33723449643,1450.621675241,54.9690891596303,34.7757145370383
59.4997120931071,26.4059597783147,43.0879022832782,7.99212884493754,1182.40227528124,1450.57522913749,54.9690891596303,34.762188970618
59.565196685578,26.451865253488,43.1661983846212,7.99713227659231,1182.4673567845,1450.52875395664,54.9690891596325,34.7528061682134
59.6305551089152,26.4976822826041,43.2443497492833,7.98172420560732,1182.53231289526,1450.48236831949,54.9690891596303,34.7409215904673
59.6958895202366,26.5434824790126,43.3224784759814,7.97879180180607,1182.5972451418,1450.43599972396,54.9690891596303,34.7197978655521
59.7613164424015,26.5893475266183,43.4007238826983,7.99008944334928,1182.66226932975,1450.38956547239,54.9690891596325,34.6961056911754
59.82677784223,26.6352367434749,43.4790165512681,7.9942999366438,1182.72732778312,1450.34310675163,54.9690891596303,34.673449754018
59.8921100396984,26.6810353879461,43.5571606728186,7.97852144087665,1182.79225782945,1450.29673972729,54.9690891596303,34.6523316434222
59.9575596804012,26.7269163615162,43.6354512273615,7.99286388457986,1182.85730459608,1450.25028935211,54.9690891596303,34.6299760744388
