32.7151447026789,0,5.26253453911773,-0.642042011101079,79.4139847194739,35.2082084069878
32.7147623168996,0.0597326973853167,5.26311790289088,-0.641945272384929,79.4141584212448,35.2087512391915
32.7139985833576,0.119306153623612,5.26428307525016,-0.641752052847964,79.41450536174,35.2098349913471
32.712851069891,0.179265379923126,5.266033823718,-0.641461727725156,79.4150266628221,35.2114622349163
32.7113233348559,0.238677450809224,5.2683648046441,-0.64107518314947,79.4157207334441,35.2136266059452
32.7094173283187,0.297796419836393,5.2712731555258,-0.640592893807279,79.4165867213663,35.2163235972129
32.7071280035532,0.357718399045533,5.2747667187521,-0.640013559201913,79.417626961852,35.2195581593274
32.7044649067074,0.416166037631082,5.27883109556073,-0.639339567067819,79.4188371676809,35.2233141917747
32.701422003277,0.475576780935419,5.28347569186215,-0.6385693576309,79.4202201397153,35.2275971691609
32.6980050125945,0.534116597175359,5.28869200197486,-0.637704341381053,79.421773345497,35.2323955691882
32.6942189163344,0.591903157999779,5.29447266942679,-0.636745738235759,79.4234945947738,35.2376985442456
32.6900498651104,0.651883486531042,5.30083911907671,-0.635689995328988,79.4253902672346,35.2435211567391
32.6855132541578,0.709487984710159,5.30776814799861,-0.63454096038214,79.4274534542339,35.2498371409718
32.6806054502084,0.767694443301499,5.31526563508148,-0.633297658504076,79.4296859065374,35.2566464304041
32.6753271834197,0.825823391943644,5.32333082334467,-0.63196021522425,79.4320873990357,35.2639424318127
32.6696827765094,0.883315290959694,5.33195749120955,-0.630529662261733,79.4346560794959,35.2717131918533
32.6636644452374,0.942067683365953,5.34115794895528,-0.629003958213446,79.4373956137586,35.279962978245
32.6572664420798,1.00176577439998,5.35094143250028,-0.627381571494928,79.4403087522677,35.2886926447694
32.6505168298337,1.05711744959412,5.36126549371053,-0.625669541243983,79.4433828559872,35.2978566371609
32.6433977287958,1.11531909139478,5.37215796603982,-0.623863251862743,79.4466262130048,35.3074716234885
32.6359236386334,1.17130181132318,5.38359717896779,-0.621966296955091,79.4500323710622,35.3175099378013
32.6280710986984,1.2310173969201,5.39561958855109,-0.619972631044291,79.453612185777,35.3279944463648
32.6198597959529,1.2877061544223,5.40819563406446,-0.617887156160165,79.4573568555141,35.3388897104548
32.6112822014723,1.34563699585633,5.42133744599588,-0.61570786071425,79.4612699926997,35.350196244348
32.6023539107698,1.40118480472858,5.43502175108085,-0.61343860409212,79.4653446678639,35.3618836572429
32.5930906745419,1.45432425630017,5.44922502872739,-0.611083286693448,79.4695738778751,35.3739214764552
32.5834889629128,1.50808291078496,5.46395332621888,-0.608640905702396,79.4739594238124,35.386304176096
32.5735537767956,1.56112356169407,5.47919963136112,-0.606112623945142,79.4784992181306,35.3990147864123
32.5632617417837,1.61790905317682,5.49500051716053,-0.603492376551268,79.4832041513869,35.4120719571744
32.5526219439653,1.67334251156516,5.51134277933939,-0.600782353174875,79.4880702922889,35.4254522056063
32.5416189004436,1.73129094873235,5.52825097978043,-0.597978480739929,79.4931049549612,35.4391624402959
32.5302419644114,1.79100060326383,5.54574231895261,-0.595077906907356,79.4983132615935,35.453202385913
32.5185075944731,1.84820779418206,5.56379235719928,-0.592084684484542,79.5036879354129,35.4675377450785
32.5064449164585,1.90091364984201,5.58235713340641,-0.58900610350547,79.5092158867928,35.4821192705727
32.4940181133804,1.9593536788064,5.60149264887849,-0.585832877321657,79.5149137914644,35.4969759419402
32.4812791237209,2.00969520805035,5.6211198117352,-0.582578121672052,79.5207580990155,35.51203115979
32.4681692807539,2.06938658660273,5.64132993483548,-0.579226694223262,79.5267759997968,35.5273390762739
32.4547334674026,2.12209268389308,5.66205479825604,-0.575789907826887,79.5329471806562,35.5428312701343
32.4409490192044,2.17847796439421,5.68333033377787,-0.572261803946384,79.5392823413359,35.5585177823556
32.4268029082393,2.23702994204464,5.70517770188223,-0.568638873557219,79.5457877832039,35.574395959176
32.41229579862,2.29558990921874,5.72759698059672,-0.564921103720142,79.5524635299637,35.590446658933
32.397449920614,2.35074510669624,5.7505549181282,-0.561114008551605,79.5592996807317,35.6066268048798
32.3823087699389,2.39911877283012,5.77398528442369,-0.557228570924714,79.566276514656,35.6228715522409
32.3668201578853,2.45587184434824,5.79796991475527,-0.553251220166212,79.5734184001011,35.6392186553583
32.3509820795448,2.51306499662987,5.82251310705665,-0.549181243553419,79.5807266172592,35.6556499523779
32.3347912608709,2.57090424065954,5.84762117121399,-0.545017594723307,79.5882030454111,35.6721477307655
32.3182822328048,2.62338500237199,5.8732417750106,-0.540768951882664,79.5958321019364,35.6886558803636
32.3014288539074,2.68014630581166,5.8994167232382,-0.536428382578589,79.6036262353799,35.7051791712198
32.2842814771814,2.72902541858809,5.92606903654231,-0.532008652231677,79.6115625238188,35.7216469164298
32.2667788477581,2.78778398977808,5.95329520007075,-0.527493760792287,79.6196696980026,35.7380955994115
32.248973751021,2.83827060033629,5.98101442788254,-0.522897104924001,79.6279237024294,35.7544523091839
32.2308723562251,2.88790117246666,6.00921835970217,-0.518220071004163,79.6363220478151,35.7706892388722
32.2124655728055,2.93911308693549,6.03792243929617,-0.513460098006162,79.644869333029,35.7867916336122
32.1937641523592,2.98874202312313,6.06711120692101,-0.508619749606064,79.653560954701,35.8027265423886
32.1747931989405,3.03448834815086,6.09674674406981,-0.503705313797469,79.6623856217892,35.8184495685793
32.1555572441809,3.07963572489034,6.1268232012707,-0.498717760593301,79.6713415924841,35.8339343275866
32.1359945775578,3.13480404563207,6.15743844545351,-0.493640860804192,79.6804580089761,35.8492051154811
32.1161251089595,3.18693569310624,6.18856281974265,-0.488479532404484,79.689726040236,35.8642186860115
32.0959594333666,3.23751847097539,6.22018119750805,-0.483236283830324,79.6991411818966,35.8789396253362
32.0754571899985,3.29474197471338,6.25235843366281,-0.47790036024687,79.708722746017,35.8933679611331
32.0547017337715,3.33872467396179,6.28496521535143,-0.472493205494486,79.7184322263727,35.9074164201932
32.0335476123502,3.39560876663404,6.31814203689633,-0.467082687534259,79.7293481313908,35.921097919658
32.0120547923756,3.44452249089937,6.35180896657196,-0.461668909897975,79.7412971220664,35.9343526393942
31.9902266482543,3.50186199349064,6.3860363353234,-0.456165011405282,79.7534450453616,35.9471902533375
31.9680508677179,3.56136621778951,6.42084530124547,-0.450567589749472,79.7657994107066,35.9595818609417
31.9455569830239,3.61631727738078,6.45619136148576,-0.444883801168118,79.7783444231097,35.9714743939811
31.9227772111546,3.66626679378977,6.49202563071895,-0.439121506618059,79.7910627319459,35.9828158942802
31.899757545877,3.70897492311285,6.52827733127688,-0.433292087432864,79.8039292163295,35.9935511221458
31.8763996081401,3.76771281589927,6.56510313884411,-0.427370349532605,79.8169994832525,36.0036900623974
31.8527180845855,3.82428743538423,6.60248190948262,-0.421359692947518,79.8302660278133,36.0131851714674
31.8288122038661,3.86501613502291,6.64025876440426,-0.415285022809366,79.8436738794312,36.0219599140116
31.8046019605413,3.91885658632739,6.67856185850493,-0.40912573129569,79.8572685223205,36.0300066979602
31.7800922177809,3.97211215407318,6.7173854751044,-0.402882737671655,79.871047926649,36.0372817964605
31.7552533819099,4.03037798337867,6.75677858474184,-0.396548167277694,79.8850294722534,36.0437491119038
31.7301475395464,4.07877875491572,6.79664476586478,-0.39013752508707,79.8991789357498,36.0493479045886
31.7047309651693,4.13449159592534,6.83705548699443,-0.383639318674263,79.913521681793,36.0540428659928
31.679001991812,4.19070265358648,6.87801561772447,-0.37705276498903,79.9280594373862,36.0577850583736
31.6529449296785,4.24970704932977,6.91955246027662,-0.370373473724362,79.942801891292,36.0605247371059
31.6265657552853,4.307983177491,6.96165889652827,-0.363602589502992,79.957746515501,36.0622067906121
31.5999518052364,4.35221746959253,7.00419768089359,-0.35676218196686,79.9728445963351,36.0627751558072
31.573055437345,4.40445536566208,7.04724704098545,-0.349839671801335,79.988123896783,36.062181143211
31.5458702259136,4.45798107080218,7.09081956391208,-0.342833034948811,80.003588882239,36.0982886185527
31.51838744498,4.51318372942761,7.13493164029809,-0.335739635730961,80.0192453679031,36.1341945421096
31.4906737864093,4.55766514125165,7.1794784801579,-0.328576324798729,80.0350561587722,36.169913201558
31.4626956648506,4.6078936960307,7.22451625634515,-0.321334069331433,80.0510411894491,36.2054557594793
31.434482316015,4.6535372322973,7.27000015466681,-0.314020075631468,80.0671845515514,36.2408335877485
31.4060038149436,4.70435172537362,7.31598071630519,-0.306626216473536,80.0835041805262,36.2760578895241
31.3772799848687,4.75213541355266,7.36242831802644,-0.299157255392732,80.0999895593182,36.3111389472787
31.3483583923293,4.79227255195103,7.40926822208261,-0.29162521051938,80.116614158533,36.3460846053776
31.3192061596748,4.83807925587651,7.45655584308177,-0.284021170961725,80.1333976428322,36.3809048500985
31.289800821122,4.88786247425389,7.50433004766882,-0.276338886807024,80.1503538033668,36.4156098244677
31.2601368537439,4.93882829543429,7.55260239466081,-0.268576499351025,80.1674867388734,36.4502087798068
31.2303080433643,4.97441344773644,7.60122255265513,-0.260758182487618,80.1847430895637,36.4847030043534
31.2001731380496,5.03381320542925,7.6504232867584,-0.252846506651916,80.2022054647562,36.5191102946227
31.1697765277863,5.08610273615689,7.70013510126786,-0.244852647032303,80.2198491945142,36.5534350510364
31.1390900566522,5.14340827522693,7.75040702289202,-0.236768719936961,80.2376916747505,36.5876868084287
31.1082351669732,5.18062935127089,7.8010427451164,-0.22862629224259,80.2556632277941,36.6218600534824
31.0771751888337,5.22424637889983,7.85210478228158,-0.220415311391906,80.2737860364505,36.6559628852694
31.0459594213928,5.2598092307743,7.90351441248362,-0.212148436183538,80.2920321561063,36.6899942815901
31.0145220947668,5.30670440354571,7.95538239837589,-0.203807855537545,80.3104408931698,36.7239648970479
30.9828548657046,5.35529738549085,8.00772533442749,-0.195390900996584,80.329018131776,36.7578791678893
30.9510057168781,5.39605281849511,8.06046661605543,-0.186909890885559,80.3477366782952,36.7917344070285
30.9189360908922,5.44361910333531,8.11367281285547,-0.178354120545854,80.3666201533292,36.8255371727806
30.8867159819105,5.47957294240495,8.16723042422014,-0.169741841331434,80.3856282683519,36.8592807116136
30.8542989696988,5.5236839870886,8.22121917907226,-0.161060232510994,80.4047893139126,36.8929713700958
30.8217524900551,5.55656162628082,8.2755292815624,-0.152326949698509,80.4240643164425,36.9266014208066
30.7881668328028,5.60824012193969,8.33049902487381,-0.144559832479637,80.4557718891304,36.9603080957014
30.7540658094605,5.65658962114052,8.38599857625336,-0.137104668861489,80.4921859276505,36.994015493144
30.7197272348646,5.70678932616658,8.44199066134932,-0.129583343997852,80.5289233271553,37.0276800898416
30.6852152655766,5.7466204892589,8.49837354935492,-0.122009523220981,80.565917314569,37.0612928268448
30.6504283893627,5.80367287994626,8.55531620610818,-0.114360509627259,80.6032787250128,37.0948631606732
30.6154329391051,5.8500009790752,8.61271341036977,-0.106650437413016,80.6409384921811,37.1283801108381
30.580265902489,5.89044425589554,8.67050742328643,-0.0988870625436138,80.6788587018985,37.1618357883473
30.5449508822359,5.92720773855415,8.72866214060828,-0.0910752348436636,80.717015633371,37.195223506417
30.5094014465189,5.97878952726822,8.78732295194167,-0.0831954243660441,80.7555046476648,37.2285466930093
30.4736964998868,6.01742300956144,8.84636281515598,-0.0752646964715845,80.7942423542665,37.261791391117
30.4377334167151,6.07369408302109,8.90595478123471,-0.0672598055057854,80.8333422604807,37.2949593238233
30.4016188732318,6.112295807303,8.96592548760107,-0.0592040389789612,80.8726905804979,37.3280330870742
30.365253531165,6.16806113351702,9.02644333469969,-0.051074775935863,80.9123977664669,37.3610106140568
30.3287704261549,6.20160119313381,9.08729025963259,-0.0429013084075621,80.9523207010044,37.3938729420324
30.2920813752581,6.25045285586833,9.14861649198349,-0.0346634563007259,80.9925579102694,37.4266145373528
30.255207622655,6.29605218637136,9.21039012153934,-0.0263655060618796,81.0296837597469,37.4592217491895
30.2180746926081,6.35477435071819,9.27273990280419,-0.0179901623098849,81.0521157555883,37.4916821889466
30.1807460677357,6.40305449229532,9.33556338401504,-0.00955118722186082,81.0747183061963,37.5239778590487
30.1432736483176,6.44279453505396,9.39877677410961,-0.00105983631363391,81.0974612608953,37.5560927119253
30.1057120581709,6.47344813002606,9.46229092153026,0.0074719148324231,81.1203125394899,37.5880127329177
30.0680398825616,6.5080835072939,9.52614489347928,0.0160493140494561,81.1432861921252,37.619722855551
30.0301391930278,6.56347664169834,9.59054235440574,0.0246997192485324,81.1664554888852,37.6511991996221
29.9921422822648,6.59634384423361,9.65526229143847,0.0333934421335261,81.1897409069677,37.6824290670524
29.9539545229583,6.64600714961865,9.72046949930991,0.0421526193102858,81.21320173152,37.7133846607269
29.9156331649348,6.68610809011019,9.78607015700822,0.0509646479563282,81.2368042007381,37.7440482968371
29.8771405183637,6.7331823474365,9.85213268313577,0.0598387186301782,81.2605729245462,37.7743914235092
29.8385060759453,6.77550958746678,9.91861050239755,0.0687685749489247,81.2844911388776,37.8043921343005
29.7996789871835,6.82719106828195,9.98559539379855,0.0777665454356258,81.3085918581822,37.834013568144
29.7606793460125,6.87580740163202,10.0530572836865,0.0868285903459486,81.3328642549626,37.8632278543439
29.7215608572848,6.91538195814338,10.1209074587922,0.0959427929720806,81.3572764030078,37.8920158575485
29.6823108619993,6.95760135750851,10.1891718689548,0.105112639113335,81.381837630855,37.9203437257538
29.642928490227,7.0004012233378,10.2578562094133,0.114338893801782,81.4065499792531,37.9481780141705
29.6032331585716,7.05731493437995,10.3271164346778,0.12350759851554,81.4330108516716,37.9754992605141
29.5632948153631,7.09161811931391,10.3967406216827,0.132513712257464,81.4620188854652,38.0023418185646
29.5232407747763,7.13238443063904,10.4667650447459,0.141571597827828,81.4911937474464,38.0285937085125
29.4831036553376,7.16775144204364,10.5371366945456,0.150674398299426,81.5205133378622,38.0542304928258
29.4429063357578,7.19940792836348,10.6078191418369,0.15981740143164,81.5499624642555,38.0792258314902
29.4025848857411,7.24293077149993,10.6789288883029,0.169015677093912,81.5795896508792,38.1035089034411
29.3620530644424,7.30249200740229,10.7506233958992,0.178289593499399,81.6094604873299,38.1269834418573
29.3214745352027,7.33306332641613,10.8226180470165,0.187602334439943,81.6394563743368,38.1496900755992
29.2808358633741,7.36644706390198,10.894940453456,0.196957471591319,81.6695887995188,38.1715780870326
29.2400726337599,7.41196633023541,10.9677097595816,0.206370416662291,81.6999073860915,38.1925558054426
29.1992568014533,7.44486540679453,11.0408020627186,0.215825142441207,81.7303604936344,38.2126205495588
29.1582701637989,7.49984028258925,11.1144340989558,0.225349684442039,81.7610384045196,38.2316263425668
29.1171452579926,7.54946530810889,11.1885533444587,0.234937248536948,81.7919192160762,38.2495302443644
29.0759588097719,7.58552663027175,11.2630266333119,0.244570609284132,81.8192728899754,38.2663335581567
29.0346602187388,7.63141804905474,11.3379504755748,0.254262250571863,81.8462088972233,38.281926199434
28.9932313269758,7.68125236723205,11.4133635818997,0.264017179748225,81.8733207564538,38.2962165837375
28.9516210517787,7.74122670785855,11.4893655051402,0.273848274296748,81.9006442447953,38.3090677764465
28.9099388496208,7.78146788708266,11.5657625087898,0.283730473773809,81.9281096983145,38.3205142535499
28.8682291602688,7.813909025305,11.6424780134975,0.293653872392706,81.9556895723173,38.3305343011136
28.8263499849641,7.87355903433501,11.7197791508934,0.30365302449367,81.9834798884615,38.3388680561089
28.7843807258856,7.91896672425191,11.7975260925389,0.313709842815978,82.0114303622719,38.3455192181065
28.7423915120483,7.95169224976195,11.8755943273039,0.323808221442302,82.0394962162375,38.3504967041046
28.7003065794976,7.99933646851318,11.9541303241425,0.333967106605498,82.0677300910329,38.3535991976656
28.6580827231415,8.05590619660779,12.0332217120443,0.34419783339877,82.0961634728476,38.3546488968669
28.6158392275719,8.09036733401572,12.1126514329803,0.354472324664121,82.1247183124891,38.3537294978276
28.5735738991847,8.12578685182012,12.1924288961508,0.364791797512047,82.1533979760242,38.4229443156067
28.531223540903,8.17398274529591,12.2726795376346,0.375172477504977,82.18224753977,38.4910316010281
28.4883705470053,8.20408032289339,12.3533032244135,0.384955095330902,82.2186225055815,38.5586170889809
28.4450019024687,8.2494570056289,12.434440168419,0.394239422256899,82.2616397956938,38.6255241690245
28.4016350586413,8.28137184386473,12.5158910085319,0.403559667642956,82.3048234019575,38.6915038131278
28.3582490048156,8.3178507907,12.5977006347158,0.412920968151563,82.3481970734267,38.7565344968487
28.3147968517173,8.36396418613946,12.6799638059005,0.422334166844333,82.3918109967359,38.8205529980983
28.2713412914459,8.39865398981474,12.7625681661666,0.431786407073789,82.4356055496713,38.8836714143672
28.2278065371559,8.44866912833048,12.8456644467482,0.441294936692584,82.4796605901636,38.9457783492025
28.1841773781644,8.50244395295955,12.9292896257691,0.450863987028307,82.5239956644364,39.0068586569068
28.1404498678794,8.55784358560905,13.0134596839122,0.460495386716326,82.5686191840856,39.0669132135297
28.0966731598119,8.60444768759055,13.0980881133652,0.470179236852731,82.6134852239476,39.1260250360185
28.0528325600951,8.65474489765573,13.1832112374282,0.479919693835065,82.6586129771424,39.1841735101632
28.0089926770551,8.69305062842421,13.2687111147648,0.48970326188851,82.6829610028274,39.2414623541345
27.9651151573295,8.73971265196899,13.3546699330946,0.499539345577992,82.7025871303007,39.2978294852581
27.9211924367258,8.78871736640442,13.4411107337863,0.509430581478029,82.7223233532969,39.3532594071333
27.8772936455071,8.82466497987142,13.5279050946575,0.519362274513052,82.7421403463808,39.4078583737703
27.8333267960776,8.87993652126851,13.6152430748187,0.52935617274045,82.7620814999878,39.4614700861637
27.7893589853368,8.92254961145209,13.7030001729788,0.539398029743842,82.7821183835865,39.514193363403
27.745328186074,8.9786647073818,13.791309187149,0.549503041315557,82.8022813135499,39.5659130465207
27.701335831897,9.01497905151319,13.8799753684521,0.559648922758196,82.8225258198092,39.6167823647698
27.6572875265672,9.07153911754355,13.9691978422368,0.56985845955944,82.8428973625239,39.6666250410233
27.6131860133505,9.12860802142282,14.0589816131416,0.580132224389336,82.8633970795875,39.7154215133191
27.5690550405685,9.1818286793037,14.1492888320182,0.590465886250836,82.8840163241828,39.7631854858815
27.5248999391939,9.23499627760012,14.2401189770029,0.600859385428189,82.9047549719819,39.8098962161068
27.480580632331,9.28913605199062,14.3314997461696,0.611144253350207,82.9275889298445,39.8556465712287
27.4353613186597,9.32154936395685,14.4233259974678,0.620281193777891,82.9642824894424,39.901363628535
27.3901357974381,9.37192425330269,14.5156484900096,0.62946751144374,83.0011746511709,39.945999098702
27.3448990131416,9.42440916078497,14.6084880095085,0.638705274577965,83.0382736952149,39.9895028947993
27.2997419723533,9.45888611359388,14.7016671602436,0.647976831865033,83.0755087061307,40.0320042083388
27.2546139115854,9.50491131226632,14.795299703574,0.657293502843186,83.1129251152095,40.073365142096
27.209480816897,9.55919561957109,14.8894669996853,0.666663383053264,83.1505554060041,40.1134677912314
27.1643550058378,9.6120430756021,14.9841548942066,0.676085064100162,83.1883938927388,40.1522781836395
27.1193400787067,9.64382190987335,15.0791558408943,0.685537894616344,83.226357606256,40.1899545804187
27.0743399648094,9.69720324746898,15.1746826452402,0.695043049277635,83.2645315546735,40.2262357527804
27.0294565926865,9.72966273405456,15.2705292068343,0.704580020580524,83.299704331003,40.2612801039145
26.9846460649536,9.77260498349655,15.3667987910005,0.714159083681639,83.3326992615761,40.2949271655197
26.9399439125924,9.8088147372483,15.4634250761632,0.723773639419226,83.3658165399051,40.327190822717
26.895301776244,9.85671512236919,15.5605232263164,0.733435146897154,83.399095615715,40.357880812869
26.8506822271198,9.91417761759467,15.6581874374666,0.743152978852398,83.4325687519187,40.3868131224692
26.8061564791508,9.95709017081985,15.7562743786526,0.752912873497771,83.4661868014807,40.4140739031008
26.761658631307,10.0160512579638,15.8549421434113,0.762730561533465,83.500003926014,40.4393872088497
26.7172896603505,10.0535642022417,15.9539794468501,0.772585019587076,83.5339476866994,40.4629236024907
26.6730532534458,10.091331919761,16.0533887987311,0.782476497386182,83.5680189195556,40.4845968108906
26.6289445210769,10.1313487536517,16.1531923550197,0.792407199504452,83.6022251935097,40.5042885469259
26.5848979248789,10.1877658812712,16.2535516744263,0.802393201435451,83.6366218549883,40.5216745873561
26.540546425592,10.2340946903858,16.3544112506969,0.811933564411636,83.676880586272,40.5372690794945
26.4949340259225,10.2938746827571,16.4559984228968,0.81998007310074,83.7353802957566,40.5518638585843
26.4494498963338,10.3362209026432,16.5580034972827,0.828059682953084,83.7941213178464,40.5640634763396
26.404033818845,10.3936689509182,16.6605755092846,0.836184198755216,83.8531893616645,40.5735098942168
26.3587375727527,10.4407606470385,16.7636122551589,0.844345525161099,83.9125254530884,40.5802181429517
26.3136139447733,10.4769753351888,16.8670063929652,0.852535159838829,83.972067653949,40.5842260427496
26.2686611951968,10.5148043644508,16.9707738541535,0.860754364685426,84.0318250126321,40.5853720285621
26.2238676072798,10.5566681140625,17.0749544561728,0.86900629355824,84.091820330252,40.5834400889337
26.1791868712354,10.6109503198844,17.1796707530553,0.87730065370735,84.1521240509013,40.6718914796919
26.1347248909706,10.6414815454963,17.284688353477,0.885618879483325,84.2039346528876,40.7582305008442
26.0904136335662,10.6896483761408,17.3901812979523,0.893974756273446,84.2466731781481,40.8421927569578
26.0462246937086,10.746358352237,17.4962338962299,0.902374962077616,84.2896386891397,40.9236791611417
26.0022165969982,10.7905086481674,17.6027222005807,0.910809679253915,84.3327809253862,41.0029537460313
25.9583332329491,10.8501590788212,17.7097991772009,0.919291023936703,84.3761618126163,41.0797907715073
25.914650561799,10.8927837570068,17.8172968040287,0.927805687447819,84.4197132310552,41.1545192137742
25.8711334533508,10.9458733617571,17.9253183562963,0.936361850003667,84.4634769722107,41.2269924219875
25.8278264749029,10.9895024635653,18.033770471128,0.944952116524991,84.5074151605888,41.297398508054
25.7847823835658,11.0212403437808,18.1425357976125,0.953567191890099,84.5514802009654,41.3659602226994
25.742002192446,11.0540946366066,18.2516253532921,0.96220794877561,84.5956765042384,41.4326765673425
25.699313637677,11.1074369178234,18.3612498146295,0.970775849284793,84.6414154176676,41.497343957723
25.6560268811691,11.1399680217156,18.4712698259192,0.978363436270289,84.6989569476643,41.56130047229
25.6129384677133,11.1930383122839,18.5818139674358,0.985987170167989,84.7567727337537,41.6231093372819
25.5700513351512,11.2473985333402,18.6928949787283,0.993647929567469,84.814869322144,41.6827527046356
25.5273914335121,11.2969968434433,18.8044658304428,1.00134247106502,84.8732219959176,41.7403086498036
25.4849571677997,11.3490681039203,18.9165509458118,1.0090724790215,84.9318434053314,41.7957286102219
25.4427766762613,11.3956593884142,19.0290962037625,1.01683422094914,84.9907051181696,41.8490929201773
25.4008415586929,11.4465886916906,19.1421444472255,1.02463065153279,85.0498294118353,41.9003104489023
25.3592094093531,11.4837583557806,19.2555597839202,1.03245239889105,85.1084349569003,41.9495952892723
25.3178938726624,11.5189116910646,19.369322300278,1.04029808967434,85.1484572015446,41.9969597259779
25.2768463440092,11.5696153578452,19.4835855737278,1.0481783154295,85.1886556521768,42.0421029537895
25.2361406562808,11.6014906769442,19.5981636526564,1.05608025190734,85.2289648506733,42.0853212323863
25.1957235964955,11.6505246738238,19.7132259987643,1.06401558612167,85.2694443743917,42.1262704683724
25.1555672077744,11.7101257823138,19.8288769744459,1.07199151547903,85.3101308972271,42.164705962164
25.1157009616535,11.7637745885212,19.9450577938626,1.08000398578363,85.3510036955357,42.200672587148
25.076169960977,11.806509382465,20.0616606685763,1.08804556335009,85.3920248056241,42.2343085137692
25.0369298031923,11.8650402250594,20.1788416027557,1.0961270070866,85.4332490654917,42.2652433494497
24.9979883284181,11.9240941396855,20.2966057623395,1.10424867326479,85.4746782463477,42.2933779708041
24.9590497264306,11.9831490209965,20.4149751261773,1.11206749514348,85.5202913881065,42.3190161439842
24.9197795838331,12.0156006236687,20.5337176046465,1.11908675495447,85.5755472085909,42.3431688657038
24.8808432595428,12.0695421721471,20.6529931528606,1.12613752627748,85.6310508857873,42.3643555891006
24.8422634003195,12.1192546362836,20.7727599774901,1.13321733857084,85.6867828641692,42.3825512263567
24.8040433683218,12.1707121968606,20.8930353242042,1.14032721128301,85.7427510587728,42.3975997620384
24.7661696438943,12.2295257133838,21.0138918872004,1.1474714416079,85.7989891833757,42.4092072042935
24.7287210644839,12.2656758246698,21.1351056985726,1.1546367900634,85.8553929041567,42.4177423508007
24.6916824128536,12.3093360031523,21.2567509755008,1.16182764387197,85.9119966399736,42.4229072853534
24.6550653792988,12.35182897532,21.3788161832332,1.16904332117635,85.9427203273763,42.4245879932334
24.6188714524175,12.3966210503025,21.5013240423291,1.17628516506379,85.9711291783526,42.4225787979638
24.5831065173283,12.4423334686119,21.6242836479516,1.18355371317941,85.9996428227408,42.5184846274437
24.5477984490554,12.4812077482102,21.7476274231594,1.19084497082715,86.0282455760077,42.6108930084151
24.5129626835878,12.5173130128217,21.8713280035523,1.19815732040703,86.0569310783793,42.6999714290639
24.4785808196616,12.562942977225,21.9954795156328,1.20549632604726,86.0857211429025,42.7855894525623
24.4446541424044,12.6113946622527,22.1201098446569,1.21286363613735,86.1146222213207,42.8677781880447
24.4111884854335,12.6611532793833,22.2452319061967,1.22026001415941,86.1436372936408,42.9466002538065
24.3782355065251,12.6945198440958,22.3706837081063,1.22767588422303,86.1727287795435,43.0225152947013
24.344210340372,12.7457161063152,22.4967253783384,1.23341774890004,86.2216825883184,43.0972183382661
24.3099424593773,12.8011087000031,22.6233530735309,1.23840800289777,86.2798486827228,43.1695568740969
24.2761483259238,12.8546294138544,22.7505101919787,1.24341912086615,86.3382586450979,43.2387201784243
24.2428461712837,12.9050571220844,22.8781661378809,1.24844989705935,86.396898307328,43.3048429926609
24.2100710521075,12.9454646213666,23.0062217920133,1.25349642530102,86.4557220208565,43.3682010736633
24.1778011228453,12.9982195787026,23.1347992945898,1.25856351899861,86.5147857720623,43.4285779095619
24.1461011667678,13.0283821630372,23.2636751633957,1.26364237097126,86.5739867786624,43.486504990776
24.1149710785238,13.0615740590227,23.3928793641756,1.268734162135,86.6212885757335,43.5419537500495
24.084401873483,13.1019091695907,23.5224825571213,1.27384167712793,86.6655314670593,43.5948043887819
24.0543610449277,13.1604537034301,23.6526648686075,1.2789720145264,86.7099723334202,43.6446971424996
24.0249174726139,13.1929490949666,23.783168622293,1.28411501959775,86.7545231600723,43.6922115229675
23.9960671345956,13.2307688213849,23.9140464861358,1.28927276792654,86.799201874302,43.7372520920616
23.9677723641793,13.2904359890298,24.0455145735362,1.29445377629699,86.8440821994989,43.779363718919
23.9400661542673,13.339724918882,24.1774702236729,1.29965399896248,86.8891290356452,43.8187735027429
23.9129923215799,13.3721564427261,24.3097466842341,1.30486686440331,86.9342854018224,43.8558460495591
23.8865279575844,13.4089262070191,24.4423876890392,1.31007022614821,86.9798419566805,43.8905137686855
23.8594982660539,13.446719622315,24.5754474333774,1.31398374804051,87.0406346385714,43.9241774340029
23.8331118363143,13.4827749079709,24.7088639567091,1.31790776343262,87.1015906529607,43.9554034076311
23.807333369948,13.5419762888282,24.8428662973123,1.32184900874448,87.1628145085046,43.9836647290016
23.7822048215837,13.5846822672697,24.9772912277169,1.32580268316814,87.2242314905128,44.0092994650329
23.7577297038608,13.6306279019486,25.1121708053942,1.32976972957042,87.2858561042533,44.0322069780789
23.7339141060636,13.6787268824001,25.2475263384139,1.33375077465923,87.3476979408104,44.0523032260468
23.7107575754489,13.7332156361766,25.3834210556994,1.3377476781088,87.4030692049293,44.0693975839354
23.6883096182335,13.7638234086808,25.5196186470313,1.34175348961857,87.4498215135818,44.0840014610686
23.6666394229276,13.7544105751098,25.6557230952575,1.34575656162522,87.4965418709059,44.0970419203865
23.6457248223624,13.7602081239417,25.7918849121496,1.34976132094558,87.5432818806368,44.108156254552
23.6255890291103,13.7519325007389,25.9279648390091,1.35376367173556,87.5899936775838,44.1176844297474
23.6061928189318,13.7724893757313,26.0642481829553,1.35777200538104,87.6367751359524,44.1249111207264
23.5875948133313,13.7528192133697,26.20033688413,1.36177461423912,87.6834895530738,44.1308373046058
23.569753748136,13.7645181631351,26.3365413502874,1.36578062794963,87.7302434188705,44.1346745922505
23.5526839122816,13.7675028480248,26.4727753508904,1.3697875103203,87.7770070709144,44.1366391940577
23.5346183022327,13.7706150942629,26.6090819922751,1.37189826459228,87.8457435190371,44.1387704148531
23.5172520857495,13.7526750541626,26.7452133962051,1.37390019700302,87.9156185577463,44.1396793425628
23.5006636579741,13.7510833741546,26.881329044827,1.37590189771804,87.9854854249889,44.1388279359879
23.4848438320225,13.7589086952347,27.0175221527025,1.37790473753974,88.0553917588538,44.2286148969513
23.4697999177648,13.7625949692454,27.1537517493086,1.37990811396042,88.1253163210936,44.3146638955919
23.4555304159684,13.7698811344344,27.2900534683122,1.38191255100459,88.1952771928556,44.3969781539012
23.442063381434,13.7504735504448,27.4261630805697,1.38391416294955,88.2494602773355,44.4763021369279
23.4293777045383,13.7524814781042,27.5622925683794,1.38591606718205,88.2883601186496,44.5521645560907
23.4174737314583,13.7560074968457,27.6984569586266,1.38791848468569,88.327270082935,44.6246077355047
23.4063516697026,13.7615787401314,27.8346764960483,1.38992171317718,88.3661959195081,44.6936628215106
23.3960048842405,13.7792148671609,27.9710706053785,1.39192750890262,88.4051717192291,44.7591496453313
23.3864573857298,13.766874764276,28.1073425657069,1.39393150831922,88.444112655572,44.8217833707421
23.3777101775645,13.7509774963006,28.2434571662926,1.39593319362195,88.4830086307132,44.8816646602057
23.3697515602975,13.7529861190364,28.3795916493107,1.39793517131339,88.5219102573204,44.9384702191651
23.3625752692048,13.770060862094,28.5158951473558,1.39993963451994,88.5608601153359,44.9919769235432
23.3543643742496,13.7773548313447,28.6522851469172,1.4,88.6223448545056,45.0442209321661
23.3469026582977,13.7541362505763,28.7884457354177,1.4,88.6844240749717,45.0940125677018
23.3402260057818,13.7692396036473,28.9247558412275,1.4,88.7465719044916,45.1406704864577
23.3343396508638,13.7794721230942,29.0611672449919,1.4,88.8087662132621,45.1843419028732
23.3292594751838,13.7500429479459,29.1972873113917,1.4,88.8708278397498,45.2256730027508
23.3249714441267,13.7540478100216,29.3334470243653,1.4,88.9329075442234,45.2641645138444
23.3214727867399,13.7753893106741,29.4698180098779,1.4,88.9857087231428,45.2996222897207
23.3187706952416,13.7780019009563,29.6062148590161,1.4,89.0321328519936,45.3323568986448
23.3168662064313,13.7778143379426,29.7426098513536,1.4,89.0785565136773,45.3624322159483
23.3157597607716,13.7722244864826,29.8789495063401,1.4,89.1249614444389,45.3899314255277
23.315450577586,13.7784139992863,30.0153504350912,1.4,89.1713872734189,45.4147349744293
23.3159384043726,13.7634960882164,30.1516036823366,1.4,89.2177628191018,45.4370846753597
23.317221903025,13.7592256329589,30.2878146537393,1.4,89.2641238969467,45.4568628628941
23.3193008516907,13.7585682285375,30.4240191170944,1.4,89.3104826202959,45.4740392055176
23.3221737407502,13.7529362852274,30.5601678264057,1.4,89.3568221671625,45.4886598000656
23.3241084326082,13.7730940339186,30.696502544517,1.39814874325097,89.424656847562,45.5020706981825
23.3267013247486,13.7568600933704,30.8326755174982,1.39615596803661,89.4940752586757,45.5131227686617
23.3300877861658,13.7527157095292,30.9688074670871,1.39416379316458,89.5634729998093,45.5215923319655
23.3342711648174,13.7618262272289,31.1050295975946,1.39217029857179,89.6329167529223,45.5273993475688
23.3392529751181,13.7718674575219,31.2413511217262,1.39017534943815,89.7024110103264,45.5305536470006
23.3450243279255,13.7593368051861,31.3775486105642,1.38818221545516,89.7718416679501,45.5311587128179
23.3515933344915,13.768287908105,31.5138347023455,1.38618778484372,89.8269673600809,45.5291080667273
23.3589484718476,13.7552328342021,31.6499915678198,1.38419524534898,89.8732117270942,45.528925232189
23.3671072593281,13.775223330132,31.7863463102256,1.38219981009426,89.9195234639382,45.5133542726706
23.3760562122434,13.7714790819197,31.9226639900018,1.38020491721949,89.9658227152087,45.4859398158459
23.3857912693957,13.7643300287619,32.058910904515,1.37821105993393,90.012097973531,45.4638411506174
23.3963254057611,13.7763324856137,32.1952766259522,1.37621546401046,90.0584135652423,45.4541956573511
23.4076501426285,13.7771944624729,32.3316508797108,1.37421974322374,90.1047319758584,45.453916321646
23.4197637426212,13.7772418034829,32.4680256020768,1.37222401557936,90.1510504060574,45.450002741694
23.4326614549869,13.7736252389739,32.6043645256967,1.37022881181907,90.1973564775074,45.419639864913
23.4446932313498,13.7545957976028,32.7404768977601,1.36649096414291,90.2638048624152,45.3728919685689
23.4573093206835,13.7670217091388,32.8767072749403,1.36252308907941,90.3329376027439,45.3315147312854
23.4706956695022,13.7526868141683,33.0127958024024,1.3585593455611,90.4019985912448,45.3083234716363
23.484861319823,13.7504696403847,33.1488623900123,1.3545962410676,90.4710484776042,45.3055696464534
23.499837545823,13.7778991937249,33.285200404404,1.35062523093969,90.5402359357346,45.3151140741677
23.5155665026297,13.7532644628462,33.4212946479389,1.34666132093382,90.6092993172376,45.3133270658609
23.5320856380837,13.7637907865791,33.5574930538032,1.34269437707369,90.6633863115942,45.3000593034953
23.5493974147934,13.7761201637851,33.6938134639575,1.33872387969056,90.7093536675808,45.2691265200109
23.5674695367856,13.764091319389,33.8300148437184,1.33475684921209,90.755281046903,45.2383694943227
23.5863217747196,13.7689405624879,33.9662642087466,1.33078842110447,90.8012247083773,45.2156679228342
23.6059244492086,13.7540805903667,34.102366528201,1.32682427587764,90.8471188279969,45.1989407942373
23.6263220961633,13.7716576852657,34.2386427802835,1.32285506465194,90.8930715815576,45.1763047619405
23.6474805843299,13.7668142965001,34.3748711050298,1.31888724936806,90.9390080981481,45.1261094001163
23.6694142581428,13.7725942015725,34.5111566243288,1.31491776822343,90.9849637660057,45.0629701734984
23.6921127377933,13.7728752989004,34.6474449252021,1.31094820606207,91.0309201777865,45.0089830456144
23.7145886373888,13.7516468752276,34.7834882926196,1.30596143248314,91.0886570749059,44.9766589879726
23.7375243636003,13.750582494783,34.9195101656646,1.30065326182772,91.1501162103164,44.966461920083
23.7612371089083,13.7616063392449,35.0556410874697,1.29534083561094,91.2116245421101,44.9689801425126
23.7856928304023,13.7540239642545,35.1916970038087,1.29003133643673,91.2730987670467,44.9587985452235
23.8108945657002,13.7499975027477,35.3277130900652,1.28472339160721,91.3345546372321,44.9360516397215
23.836867356838,13.7606423202584,35.4638344757166,1.27941133753301,91.3960575843446,44.8937298391454
23.8635965108985,13.7641875492393,35.5999909310595,1.27409791488548,91.4436916285541,44.8507403378252
23.8910669253562,13.7612264083613,35.7361180945575,1.26878563533434,91.4821242296538,44.8161245192898
23.9193197658695,13.7795525167774,35.8724265414008,1.26346628131119,91.5206080613497,44.7891146891562
23.9482820924945,13.7634991598765,36.0085761871405,1.25815312440427,91.5590470733078,44.7592872564677
23.9779620050015,13.7535700486585,36.1446276133098,1.2528438004562,91.5974583348492,44.706776703447
24.0083867017611,13.7577295936442,36.2807201860341,1.24753287078891,91.6358811585296,44.6415882451232
24.0395722591626,13.7698339183915,36.4169324957169,1.24221726845983,91.6743376979589,44.5839420265955
24.0714530841005,13.75435251345,36.5529916620911,1.23690764245498,91.7127508768817,44.5440546465043
24.1041111803111,13.7753150876223,36.6892581919428,1.23158992421687,91.7512224413894,44.5212931180383
24.1358173355265,13.7626014587454,36.8253115520882,1.22447469263257,91.8105442565916,44.5066516295797
24.1675863468438,13.7792777198677,36.9614923959706,1.21658015095823,91.8788690733365,44.4793546441669
24.2000750578759,13.7761283219613,37.0976421142981,1.20868741366388,91.9471788401809,44.4298456878132
24.2332407825761,13.7568671947911,37.2336014745673,1.20080571161929,92.0153934710526,44.3779042576345
24.267121696339,13.7553477938481,37.3695458185702,1.19292488008288,92.0836007455819,44.333701189769
24.3017772746172,13.7785101405958,37.5057190764532,1.18503077817663,92.1519228571911,44.2978292694243
24.3371402374853,13.7755152105827,37.6418627353902,1.17713839215129,92.2074846447177,44.2614028598737
24.3732218526316,13.7781335601754,37.7780322715222,1.16924450599871,92.2529375764102,44.2062219327282
24.4099380043024,13.750570417201,37.9139294006278,1.16136641155781,92.2982998809236,44.1393409268626
24.4473586803472,13.7511883349794,38.0498326366257,1.15348796309416,92.3436644680877,44.0791393737944
24.4855047375914,13.7603798665533,38.1858267126916,1.14560424853962,92.3890595652081,44.0338593999533
24.5243455895725,13.7594882832056,38.3218119772237,1.13772104479863,92.4344518515773,44.0018128355744
24.5638737037503,13.7571856336722,38.4577744846299,1.12983916031131,92.479836615105,43.9713889211178
24.6041118213247,13.7638476812544,38.5938028331695,1.1219534589467,92.5252433732306,43.9213390209233
24.6450663123023,13.7734292637983,38.7299258766577,1.11406226801984,92.570681700393,43.8514461121976
24.6860840405107,13.7560637929135,38.8658374937252,1.1055472226466,92.6234130064813,43.783155575526
24.7271772061385,13.7553192040984,39.0016994175585,1.09635849349846,92.683959858724,43.7279978074336
24.7689865421636,13.7669806337271,39.1376765218715,1.08716197436618,92.7445582307343,43.687546628997
24.8114737580154,13.7668852680091,39.2736526842528,1.07796551893942,92.805156237118,43.6545248961033
24.8546269796085,13.7641369831523,39.4096017016976,1.0687708994021,92.8657420649256,43.6126868308757
24.8984507111352,13.7640112679808,39.5455494774478,1.05957636384411,92.9263271224977,43.5368717848002
24.9429397466212,13.7633784552322,39.6814910028772,1.05038225101314,92.9801880034101,43.4394108016622
24.9881315985688,13.7752032413923,39.8175493222663,1.04118023907378,93.0252172963923,43.3462427086827
25.033957045644,13.7669456197795,39.9535260807448,1.03198374333127,93.0702196293722,43.2736194301734
25.08042608716,13.7630422475336,40.0894642854353,1.02278985509133,93.1152091802668,43.2274115093573
25.1275028319076,13.7499458643848,40.2252731365437,1.01360471540284,93.160155843004,43.2036392042952
25.1753228806737,13.7772320953322,40.361351495017,1.0044013481631,93.2051915670803,43.1883046032053
25.223770997483,13.7719343496075,40.4973775274108,0.99520151988526,93.250209784427,43.1590700970603
25.2728767313181,13.7761159221579,40.63344486139,0.985998898263477,93.2952414257988,43.0987197922759
25.3225336781158,13.7518863552188,40.7692728788162,0.976812462302287,93.3401935653867,43.029665401327
25.3725272702577,13.7516678381439,40.9050743015904,0.96728894287224,93.3890582657574,42.9652436475511
25.4223923809899,13.7758638696613,41.0410444153363,0.956779175626183,93.4492598750701,42.9098969990037
25.4728363783455,13.7613243960015,41.1768710220102,0.946280500714189,93.5093976770009,42.8583495281375
25.5239569445826,13.7744820481034,41.3128274969428,0.935771787675918,93.5695925768893,42.7969136250912
25.5757145951171,13.7777141220642,41.4488158729938,0.925260608850719,93.6298010660532,42.7032607139071
25.6280673690745,13.7708494174558,41.5847364932456,0.914754667188744,93.6899788890406,42.5963916162335
25.6809772791172,13.7553862837779,41.7205044897444,0.904260522531835,93.7388350498197,42.4995308374715
25.7345813296699,13.7764339115944,41.8564802299008,0.893750320394138,93.7692010140784,42.4255684786574
25.7887059169878,13.7538707418631,41.9922332677438,0.883257331961835,93.7995173005211,42.3784298371284
25.8435037582704,13.7711771753368,42.1281571230214,0.87275114024955,93.8298717726847,42.3515373957215
25.8989146938696,13.7739973663895,42.2641088140633,0.862242796980612,93.8602324829947,42.3298385343889
25.9549168302297,13.7723147832656,42.4000438977243,0.851735737373968,93.8905894893729,42.2894810867086
26.0114251510435,13.7510392045493,42.5357689878135,0.841244909154512,93.9208995878304,42.2168811092133
26.0685329435176,13.7536955395372,42.6715202963797,0.830752054386108,93.9512155122373,42.1355167847089
26.1262170996023,13.7517055777328,42.8072519636853,0.820260717782777,93.9815270042457,42.0602198815791
26.1845011540565,13.7680440001919,42.9431397933551,0.809698096792783,94.0125577831351,41.9970031471673
26.2412008320625,13.7582685074381,43.0787159924824,0.79666192379977,94.0723905306065,41.9442116698705
26.2985314846343,13.7696952592845,43.2144047926673,0.783614923781993,94.1322736978249,41.889485880846
26.3563675619188,13.7519766020806,43.3499189903434,0.770584712466981,94.1920804030559,41.8134934623316
26.414785259823,13.7535229320739,43.4854484258049,0.757553035980295,94.251894297379,41.7219423905402
26.4738007890242,13.7596692876735,43.6210384284469,0.744515535726262,94.3117352561641,41.6347970212452
26.5334168277503,13.7671326663842,43.7567019764276,0.731470963805041,94.3692064668138,41.5627773630165
26.5935314176362,13.752041101056,43.892216809687,0.718440691376248,94.4138496037365,41.5075673303869
26.6542536981149,13.7628508583557,44.0278381640401,0.705400176534604,94.4585281567361,41.4613871239348
26.7154787949715,13.750773046993,44.1633405016901,0.692371105606721,94.5031677712734,41.4081987118138
26.7773753728481,13.777239737728,44.2991036463836,0.6793169570785,94.5478935217361,41.3360200185758
26.8398069772545,13.7738761479625,44.4348336457205,0.666265995603798,94.5926085146722,41.2609418253433
26.9027715955855,13.7709956854869,44.5705352605151,0.653217763412007,94.6373142639265,41.1904178057141
26.966210341715,13.7562997235808,44.7060920589285,0.640183455872262,94.6819723574772,41.1236692270296
27.030236354773,13.7670157331143,44.8417544546299,0.627138994747129,94.7266652377071,41.0516360678114
27.0947173116751,13.7501746199683,44.9772508952833,0.614110490838142,94.7713033896424,40.9749997254112
27.1587688604307,13.7727179498955,45.1128378046234,0.599783399491203,94.8308757118634,40.9026326960574
27.2228736773645,13.7748407977501,45.2483850557097,0.584866716357308,94.8972921942039,40.8347787156403
27.2874695233965,13.7663834134031,45.383849084404,0.569959191668456,94.963668374691,40.7630964630064
27.3525713169102,13.7620629908268,45.5192705992565,0.555056345536368,95.030024021398,40.6864325209197
27.4182356719392,13.7704542375294,45.6547746856929,0.540144412579249,95.0964202472725,40.6130016065598
27.484393345045,13.7650739291923,45.7902258287948,0.525238305922107,95.1627904726584,40.5430384285238
27.5511035139831,13.7727579251894,45.925752583989,0.510323878317001,95.21504938647,40.4687208740393
27.6182409523045,13.7554690061075,46.061109212683,0.495428172766943,95.2662249979857,40.3908344524584
27.6859170448461,13.7618874590432,46.1965290002668,0.480525516717051,95.3174246222553,40.3169471941855
27.754107702276,13.7640656381387,46.3319702215784,0.46562050193156,95.3686324021416,40.2462536023771
27.8228169744181,13.7677445000813,46.4674476436441,0.450711503331033,95.4198538389696,40.1695721417926
27.8919524501938,13.7537585305523,46.6027874409088,0.435817650043532,95.4710231309235,40.0885069093526
27.9615794335449,13.7536475407992,46.7381261460116,0.420923916946094,95.5221918168077,40.0120795223722
28.0317761256962,13.7695423365671,46.873621259156,0.40601297148044,95.5734193619748,39.9414272887222
28.1023977036633,13.7577048981686,47.0089998894853,0.391114844697795,95.6246025108902,39.8701495527821
28.1731396731439,13.7644290746104,47.1443875645238,0.37572212115972,95.6814891831899,39.7840451371207
28.2432516224899,13.7737509239985,47.2796993192478,0.358889079902187,95.7550776289295,39.690561504987
28.3138736177534,13.7789998631583,47.4150626389502,0.342049623862657,95.8286941195596,39.604158808325
28.3848497590816,13.7547281351763,47.5501875159711,0.325239830549045,95.9021806939916,39.531226986317
28.4563507317872,13.764376648621,47.6854071788853,0.308418245688905,95.9757183340579,39.4692845498175
28.5283101031305,13.7618528924727,47.8206020487076,0.291599745136852,96.0492417656121,39.4081832359562
28.6007597462216,13.7660888638821,47.9558385322288,0.274776067761006,96.1022582675635,39.3299282779928
28.6736120917785,13.7544310129488,48.090960490355,0.257966637563494,96.1462441845289,39.2352477277927
28.7470161742431,13.7715262389121,48.226250390027,0.241136315116258,96.1902849429587,39.1417645149931
28.8208919171619,13.7740744176282,48.3615653227155,0.224302878513864,96.2343339703423,39.0594793550579
28.8951616766882,13.7628804865534,48.4967702875045,0.207483122128621,96.2783472677715,38.9907473583984
28.9698688859161,13.7605063506107,48.6319519290535,0.190666267199089,96.3223529886564,38.9304905101766
29.0450697079938,13.769061816538,48.7672176185218,0.17383895654753,96.3663860335944,38.8664301520756
29.1206587968354,13.7589758650128,48.9023842247551,0.157023972040031,96.4103867359667,38.7792867554351
29.1967796179833,13.7755747686287,49.0377138967203,0.140188701843404,96.4544403808765,38.6743273115023
29.2732643234463,13.7623895836373,49.1729140389353,0.123369545395614,96.4984516681731,38.57182021409
29.349708364535,13.7584282854486,49.3080022130862,0.105980481955159,96.5491563043456,38.4836214679182
29.4264843916693,13.7607561086871,49.4430949314821,0.0884444079326125,96.6015503456202,38.4137117759175
29.5037663060112,13.7743861644955,49.5783214594795,0.0708909643944875,96.6539960197189,38.3580831751061
29.5813659249252,13.7551213945363,49.7133588605043,0.0533620709922257,96.7063679928456,38.3054890026545
29.6593780169142,13.7534197111435,49.8483795556859,0.0358353461369313,96.758733048891,38.2370606165646
29.7379468176198,13.7775519107872,49.9836371625912,0.0182778683174881,96.8033713746094,38.127093277191
29.8169227656197,13.7758596442461,50.1188781561008,0.000722547044609764,96.8341214816709,37.9897581255709
29.896217740996,13.759514160795,50.2539586819896,-0.0168119442967245,96.8648351050409,37.8508614550182
29.9758797489497,13.7522506479787,50.3889679001912,-0.0343371793517465,96.8955324996068,37.7284801120904
30.0559394180049,13.7509020330555,50.5239638787094,-0.0518606957940032,96.9262268508318,37.6331935661929
30.1364264708083,13.7551915283858,50.6590019682554,-0.0693896785716144,96.9569307262971,37.5682855118097
30.2173329726305,13.7586169380609,50.7940736858885,-0.086923026533605,96.9876421795367,37.530058189734
30.2985925443282,13.7513264141146,50.9290738306596,-0.104447083787544,97.0183372732576,37.508206966608
30.3804104630119,13.7791636965012,51.0643472608607,-0.122006615592493,97.0490944002926,37.4859578727364
30.462511847073,13.7611697550009,51.1994440401239,-0.139543216746857,97.0798112408028,37.4403981577603
30.5440049144223,13.7536582323986,51.3342913648396,-0.158312553468256,97.1250328624641,37.3563879876572
30.6244940758085,13.7552079611279,51.4688939790959,-0.17892156617736,97.1917399780665,37.2574802322281
30.7053470816936,13.7502784049099,51.6034483548119,-0.199523193081244,97.2584240022551,37.1609219188606
30.7866665896546,13.7632755786724,51.7381299153419,-0.220144293258089,97.3251716931179,37.0761458958548
30.86840376792,13.7683997907125,51.8728616192313,-0.240773070887092,97.3919446892124,37.0053332401199
30.9504298884845,13.7524331197895,52.0074370800706,-0.261377926135213,97.4586405239851,36.9434728360556
31.0329947171224,13.7787809481456,52.142270369551,-0.282022257538908,97.5048021353799,36.8781119206607
31.115818252392,13.7588620542044,52.2769087412079,-0.302636745065323,97.5492069691819,36.7908243989824
31.1991058074615,13.7735869295414,52.4116912042315,-0.323273294427792,97.593659745293,36.6852041058965
31.2826238959979,13.7502518338927,52.5462453199348,-0.343874881521124,97.638037575516,36.5800531381309
31.3666617584388,13.775017381253,52.6810417807505,-0.364513574086196,97.6824956474108,36.4868125079047
31.4509427963099,13.7548979808863,52.815641361672,-0.385122122361264,97.7268890442061,36.4104383901178
31.5356166308247,13.7597754284817,52.9502886712211,-0.405737978368775,97.7712983884631,36.3491060472781
31.6206108124962,13.7533628529364,53.0848732300335,-0.426344226607994,97.8156871885629,36.2947762717028
31.7060958870868,13.7749205248554,53.2196687430536,-0.44698277405605,97.8601456649221,36.2330150550044
31.7918702544688,13.764387886504,53.3543611881549,-0.46760554077013,97.9045701929355,36.1524424344658
31.8773899809039,13.7677634098575,53.4889543405434,-0.489077582917342,97.9588964122161,36.0673692604849
31.9631328937268,13.7602355120618,53.6234565327822,-0.510648689219783,98.0144913538412,35.9858308966655
32.0491796193187,13.7529322565983,53.7578873378801,-0.532208346641148,98.0700569517887,35.908789647576
